20	1336	1337
40	1336	1337
60	1336	1337
80	1336	1337
100	1336	1337
120	1336	1337
140	1336	1337
160	1336	1337
180	1336	1337
200	1336	1337
220	1336	1337
240	1336	1337
260	1336	1337
280	1336	1337
300	1336	1337
320	1336	1337
340	1336	1337
360	1336	1337
380	1336	1337
400	1336	1337
420	1336	1337
440	1336	1337
460	1336	1337
480	1336	1337
500	1336	1337
520	1336	1337
540	1336	1337
560	1336	1337
580	1336	1337
600	1336	1337
620	1336	1337
640	1336	1337
660	1336	1337
680	1336	1337
700	1336	1337
720	1336	1337
740	1336	1337
760	1336	1337
780	1336	1337
800	1336	1337
820	1336	1337
840	1336	1337
860	1336	1337
880	1336	1337
900	1336	1337
920	1336	1337
940	1336	1337
960	1336	1337
980	1336	1337
1000	1336	1337
1020	1336	1337
1040	1336	1337
1060	1336	1337
1080	1336	1337
1100	1336	1337
1120	1336	1337
1140	1336	1337
1160	1336	1337
1180	1336	1337
1200	1336	1337
1220	1336	1337
1240	1336	1337
1260	1336	1337
1280	1336	1337
1300	1336	1337
1320	1336	1337
1340	1336	1337
1360	1336	1337
1380	1336	1337
1400	1336	1337
1420	1336	1337
1440	1336	1337
1460	1336	1337
1480	1336	1337
1500	1336	1337
1520	1336	1337
1540	1336	1337
1560	1336	1337
1580	1336	1337
1600	1336	1337
1620	1336	1337
1640	1336	1337
1660	1336	1337
1680	1336	1337
1700	1336	1337
1720	1336	1337
1740	1336	1337
1760	1336	1337
1780	1336	1337
1800	1336	1337
1920	1336	1337
1940	1336	1337
1960	1336	1337
1980	1336	1337
2000	1336	1337
2020	1336	1337
2040	1336	1337
2060	1336	1337
2080	1336	1337
2100	1336	1337
2120	1337	1336
2140	1080	1125
2140	1336	1337
2160	1336	1337
2180	1336	1337
2200	1337	1336
2220	1336	1337
2240	1336	1337
2260	1337	1336
2280	1336	1337
2300	1336	1337
2320	1336	1337
2340	1336	1337
2360	1336	1337
2380	1336	1337
2400	1336	1337
2420	1336	1337
2440	1336	1337
2460	1336	1337
2480	1336	1337
2500	1336	1337
2520	1336	1337
2540	1336	1337
2560	1336	1337
2580	1336	1337
2600	1336	1337
2620	1337	1336
2640	1336	1337
2660	1336	1337
2680	1336	1337
2700	1336	1337
2720	1336	1337
2740	1336	1337
2760	1336	1337
2780	1336	1337
2800	1336	1337
2820	1336	1337
2840	1336	1337
2860	1336	1337
2880	1336	1337
2900	1337	1336
2920	1336	1337
2940	1336	1337
2960	1336	1337
2980	1336	1337
3000	1336	1337
3020	1336	1337
3040	1336	1337
3060	1336	1337
3080	1336	1337
3100	1336	1337
3120	1336	1337
3140	1336	1337
3160	1336	1337
3180	1336	1337
3200	1336	1337
3220	1336	1337
3240	1336	1337
3260	1336	1337
3280	1336	1337
3300	1336	1337
3320	1336	1337
3340	1336	1337
3360	1336	1337
3380	1336	1337
3400	1336	1337
3420	1336	1337
3440	1336	1337
3460	1336	1337
3480	1336	1337
3500	1336	1337
3520	1336	1337
3540	1337	1336
3560	1336	1337
3580	1336	1337
3600	1336	1337
3620	1336	1337
3640	1336	1337
3660	1336	1337
3680	1336	1337
3700	1336	1337
3700	1080	1125
3720	1336	1337
3720	1080	1125
3740	1080	1125
3740	1337	1336
3760	1336	1337
3780	1336	1337
3800	1336	1337
3820	1336	1337
3820	1125	1080
3840	1336	1337
3860	1080	1125
3860	1336	1337
3880	1336	1337
3880	1125	1080
3900	1080	1125
3900	1337	1336
3920	1336	1337
3940	1336	1337
3960	1337	1336
3980	1337	1336
4000	1336	1337
4020	1336	1337
4020	1336	1125
4020	1125	1337
4040	1336	1337
4060	1336	1080
4060	1336	1337
4080	1336	1080
4080	1336	1337
4100	1336	1337
4120	1336	1337
4140	1336	1337
4140	1337	1080
4160	1080	1336
4160	1336	1337
4180	1080	1336
4180	1080	1337
4180	1337	1336
4200	1336	1080
4200	1336	1337
4200	1080	1337
4220	1336	1080
4220	1336	1337
4240	1337	1336
4260	1080	1336
4260	1080	1337
4260	1337	1336
4280	1336	1080
4300	1080	1336
4320	1337	1125
4340	1337	1125
4380	1336	1080
4380	1337	1080
4400	1080	1336
4400	1080	1053
4420	1080	1336
4420	1080	1125
4440	1080	1336
4440	1080	1125
4440	1080	1053
4460	1336	1080
4500	1080	1336
4520	1125	1073
4520	1073	1080
4540	1125	1336
4540	1125	1080
4540	1073	1080
4540	1080	1336
4540	1337	1336
4560	1125	1336
4560	1125	1097
4580	1125	1097
4580	1073	1080
4600	1125	1080
4600	1125	1097
4600	1080	1336
4620	1125	1097
4620	1125	1073
4620	1073	1080
4620	1097	1080
4640	1125	1073
4640	1125	1097
4640	1097	1073
4640	1073	1336
4640	1073	1080
4660	1125	1097
4680	1125	1097
4680	1336	1080
4680	1336	1189
4700	1189	1336
4700	1073	1337
4700	1336	1125
4720	1189	1336
4720	1189	1080
4720	1189	1125
4720	1073	1337
4740	1189	1336
4740	1189	1080
4740	1189	1125
4740	1336	1080
4760	1189	1337
4760	1189	1125
4760	1337	1125
4780	1125	1337
4800	1125	1080
4800	1125	1337
4820	1080	1125
4840	1125	1337
4840	1143	1337
4860	1125	1075
4860	1125	1093
4860	1075	1336
4880	1336	1080
4880	1336	1075
4880	1075	1080
4880	1125	1093
4900	1075	1080
4900	1075	1337
4900	1075	1125
4900	1080	1337
4900	1336	1337
4900	1093	1125
4920	1075	1080
4920	1080	1125
4920	1125	1093
4940	1075	1125
4940	1093	1125
4960	1080	1125
4960	1093	1125
4980	1125	1080
4980	1125	1138
4980	1125	1093
4980	1080	1093
5000	1199	1125
5000	1138	1125
5000	1138	1143
5000	1080	1125
5000	1080	1143
5000	1093	1125
5020	1143	1080
5020	1080	1125
5020	1146	1125
5020	1093	1125
5040	1146	1125
5040	1093	1125
5060	1146	1125
5060	1093	1125
5080	1146	1093
5080	1093	1125
5100	1093	1125
5120	1125	1146
5120	1125	1093
5120	1138	1337
5120	1080	1039
5120	1146	1093
5140	1039	1080
5140	1138	1337
5140	1093	1125
5160	1164	1093
5160	1080	1125
5160	1093	1125
5180	1164	1125
5180	1080	1125
5180	1080	1093
5180	1093	1125
5200	1164	1080
5200	1164	1125
5200	1080	1125
5200	1080	1093
5200	1093	1125
5220	1164	1080
5220	1164	1125
5220	1143	1337
5220	1080	1125
5220	1080	1093
5220	1093	1125
5240	1164	1125
5240	1164	1093
5240	1143	1337
5240	1093	1125
5260	1164	1125
5260	1143	1337
5260	1093	1125
5280	1125	1164
5300	1125	1093
5320	1164	1142
5320	1142	1080
5340	1080	1125
5340	1080	1142
5340	1093	1125
5360	1164	1142
5380	1125	1080
5380	1125	1047
5380	1047	1228
5380	1164	1142
5380	1228	1080
5400	1047	1228
5400	1080	1125
5420	1189	1337
5420	1080	1144
5420	1080	1125
5420	1047	1125
5440	1080	1144
5440	1337	1199
5460	1075	1142
5460	1080	1144
5460	1337	1336
5480	1075	1142
5480	1199	1337
5480	1107	1125
5480	1080	1125
5480	1144	1125
5500	1107	1125
5500	1125	1144
5500	1164	1075
5500	1199	1337
5500	1080	1144
5520	1107	1125
5520	1125	1109
5520	1199	1337
5540	1107	1080
5540	1107	1125
5540	1080	1109
5540	1080	1125
5540	1073	1138
5540	1109	1125
5560	1189	1047
5560	1080	1109
5560	1107	1125
5560	1109	1125
5580	1125	1080
5580	1125	1107
5600	1143	1146
5600	1107	1125
5600	1080	1125
5620	1125	1107
5620	1125	1103
5640	1125	1107
5640	1073	1146
5660	1228	1199
5660	1073	1146
5660	1138	1337
5660	1080	1125
5680	1073	1146
5680	1138	1337
5680	1337	1146
5700	1073	1146
5720	1125	1080
5720	1125	1210
5720	1080	1210
5740	1228	1199
5740	1039	1138
5740	1080	1210
5740	1080	1125
5740	1210	1125
5760	1125	1080
5760	1080	1210
5780	1125	1210
5780	1125	1042
5780	1080	1210
5800	1042	1080
5800	1042	1210
5800	1042	1125
5800	1080	1210
5800	1210	1125
5820	1125	1080
5820	1125	1210
5820	1080	1210
5840	1199	1228
5860	1063	1080
5860	1042	1080
5860	1042	1125
5860	1080	1125
5880	1125	1080
5880	1125	1042
5880	1125	1063
5880	1063	1080
5880	1032	1080
5880	1228	1199
5900	1125	1032
5900	1125	1080
5900	1063	1080
5900	1228	1199
5920	1125	1080
5920	1125	1032
5920	1063	1080
5920	1032	1080
5940	1125	1032
5940	1125	1080
5940	1032	1080
5960	1125	1080
5960	1125	1032
5960	1032	1208
5960	1228	1199
5960	1080	1208
5980	1032	1208
5980	1032	1125
5980	1080	1208
5980	1208	1125
6000	1032	1210
6000	1032	1042
6000	1208	1080
6000	1208	1125
6000	1208	1071
6020	1208	1080
6020	1208	1125
6020	1208	1071
6020	1071	1125
6040	1125	1071
6080	1125	1080
6100	1125	1180
6120	1080	1180
6120	1080	1125
6120	1180	1125
6140	1180	1080
6140	1080	1125
6160	1180	1080
6160	1189	1138
6160	1073	1103
6160	1080	1125
6180	1180	1125
6180	1189	1138
6200	1180	1125
6200	1180	1143
6200	1189	1138
6220	1189	1138
6220	1080	1125
6240	1189	1075
6240	1090	1080
6240	1090	1125
6260	1189	1138
6260	1090	1080
6260	1090	1125
6280	1090	1080
6280	1090	1125
6300	1189	1138
6300	1200	1125
6300	1090	1080
6300	1090	1125
6300	1080	1125
6320	1189	1138
6320	1200	1125
6320	1080	1125
6340	1121	1080
6340	1121	1125
6340	1125	1200
6340	1063	1200
6340	1200	1080
6360	1080	1121
6360	1121	1125
6380	1189	1073
6380	1104	1080
6380	1104	1125
6380	1080	1121
6380	1080	1125
6380	1121	1125
6400	1080	1125
6400	1104	1125
6420	1063	1146
6420	1104	1125
6420	1080	1125
6440	1104	1125
6440	1080	1125
6460	1199	1189
6460	1198	1125
6460	1092	1125
6460	1080	1125
6480	1198	1125
6480	1092	1125
6480	1080	1125
6500	1198	1080
6500	1198	1125
6520	1198	1125
6520	1080	1125
6540	1198	1125
6540	1080	1125
6560	1198	1125
6580	1198	1146
6580	1198	1125
6600	1187	1080
6600	1187	1125
6600	1198	1146
6600	1215	1080
6600	1215	1125
6600	1097	1104
6620	1187	1125
6620	1198	1146
6620	1215	1080
6640	1187	1125
6640	1198	1146
6640	1215	1080
6640	1215	1125
6660	1187	1080
6660	1187	1125
6660	1198	1146
6660	1080	1125
6680	1187	1080
6680	1187	1125
6680	1199	1228
6680	1080	1125
6700	1187	1125
6700	1337	1125
6740	1086	1125
6760	1199	1228
6760	1080	1125
6760	1080	1086
6760	1086	1125
6780	1047	1337
6780	1189	1337
6780	1335	1125
6780	1337	1121
6780	1086	1125
6800	1189	1200
6800	1335	1080
6800	1335	1125
6800	1086	1125
6800	1080	1125
6820	1175	1080
6820	1175	1125
6820	1189	1210
6820	1063	1336
6820	1080	1125
6840	1175	1125
6840	1189	1228
6840	1199	1228
6840	1080	1125
6860	1175	1080
6860	1175	1121
6860	1175	1125
6860	1189	1228
6860	1199	1228
6860	1336	1080
6860	1337	1125
6860	1080	1125
6880	1189	1228
6880	1193	1080
6880	1337	1125
6880	1336	1080
6880	1336	1125
6900	1193	1359
6900	1337	1125
6900	1336	1080
6900	1336	1125
6900	1336	1359
6920	1164	1208
6920	1189	1199
6920	1193	1080
6920	1193	1125
6920	1067	1336
6920	1359	1336
6920	1336	1125
6940	1193	1336
6940	1193	1080
6940	1193	1125
6940	1067	1125
6940	1334	1336
6940	1336	1080
6940	1336	1125
6960	1180	1125
6960	1193	1336
6960	1193	1080
6960	1334	1336
6960	1336	1125
6980	1080	1193
6980	1080	1334
6980	1193	1336
6980	1067	1359
6980	1334	1336
6980	1336	1125
7000	1164	1208
7000	1067	1359
7000	1334	1125
7000	1360	1125
7020	1164	1142
7020	1164	1198
7020	1067	1334
7020	1067	1359
7020	1334	1080
7020	1334	1360
7020	1334	1125
7020	1334	1359
7020	1208	1142
7020	1360	1125
7020	1080	1105
7040	1199	1097
7040	1199	1143
7040	1212	1125
7040	1080	1105
7060	1067	1334
7060	1334	1359
7060	1212	1125
7060	1080	1105
7080	1189	1334
7080	1080	1125
7100	1189	1360
7100	1189	1090
7100	1189	1142
7100	1199	1142
7100	1358	1125
7100	1080	1125
7120	1189	1360
7120	1189	1142
7120	1336	1125
7120	1358	1080
7120	1358	1125
7120	1080	1125
7140	1189	1360
7140	1198	1143
7160	1189	1360
7160	1189	1142
7160	1210	1142
7160	1341	1125
7160	1360	1142
7160	1142	1146
7180	1360	1143
7200	1041	1125
7200	1080	1213
7200	1080	1125
7220	1080	1125
7220	1080	1213
7220	1213	1125
7240	1164	1142
7260	1164	1142
7260	1135	1080
7260	1135	1125
7260	1198	1334
7260	1090	1125
7280	1177	1125
7280	1341	1213
7300	1177	1125
7320	1155	1135
7320	1177	1125
7340	1039	1208
7340	1080	1051
7340	1051	1125
7340	1336	1125
7360	1177	1125
7360	1051	1080
7360	1051	1090
7380	1155	1135
7380	1164	1142
7380	1336	1125
7400	1155	1135
7400	1177	1189
7400	1090	1135
7400	1336	1125
7420	1164	1142
7420	1080	1179
7440	1164	1142
7440	1198	1146
7460	1164	1142
7460	1080	1179
7480	1080	1179
7480	1198	1125
7520	1164	1142
7520	1198	1125
7520	1212	1215
7520	1215	1103
7540	1080	1179
7540	1198	1125
7540	1090	1146
7560	1179	1080
7560	1198	1125
7560	1090	1146
7580	1198	1125
7600	1198	1125
7620	1179	1080
7620	1189	1125
7620	1198	1146
7660	1138	1142
7660	1198	1146
7660	1199	1360
7660	1337	1336
7660	1051	1142
7660	1125	1142
7680	1164	1125
7680	1210	1213
7680	1336	1125
7700	1199	1336
7700	1080	1206
7720	1155	1135
7720	1198	1146
7720	1080	1125
7720	1080	1206
7740	1164	1080
7740	1063	1138
7740	1080	1125
7740	1336	1125
7760	1155	1189
7760	1189	1359
7780	1199	1138
7780	1334	1080
7780	1179	1146
7800	1155	1135
7800	1067	1138
7800	1067	1199
7800	1199	1138
7800	1337	1358
7800	1210	1213
7820	1155	1097
7820	1155	1335
7820	1067	1199
7820	1199	1138
7820	1097	1135
7840	1067	1199
7840	1105	1143
7860	1189	1199
7860	1067	1199
7880	1155	1135
7880	1189	1199
7900	1189	1199
7900	1341	1213
7920	1189	1199
7940	1164	1053
7940	1053	1208
7940	1053	1335
7940	1189	1199
7940	1213	1341
7960	1164	1213
7960	1189	1199
7960	1090	1146
7980	1155	1135
7980	1189	1199
7980	1105	1143
8000	1189	1199
8020	1032	1042
8020	1189	1199
8040	1155	1135
8040	1056	1080
8040	1189	1199
8040	1334	1337
8060	1155	1135
8060	1056	1080
8080	1056	1080
8080	1067	1359
8100	1155	1135
8100	1056	1080
8100	1067	1359
8120	1155	1135
8140	1164	1138
8140	1067	1359
8140	1080	1131
8160	1155	1135
8160	1164	1138
8160	1189	1198
8160	1067	1359
8180	1155	1135
8180	1080	1131
8180	1180	1056
8180	1067	1359
8200	1155	1135
8200	1080	1131
8220	1155	1135
8220	1080	1097
8220	1210	1131
8240	1155	1135
8240	1164	1336
8240	1164	1138
8240	1189	1131
8240	1189	1199
8240	1336	1138
8240	1080	1097
8260	1155	1135
8260	1189	1212
8260	1198	1336
8280	1155	1135
8280	1200	1092
8280	1336	1097
8300	1105	1143
8320	1336	1360
8320	1105	1143
8340	1080	1336
8340	1090	1179
8340	1105	1143
8360	1080	1336
8360	1080	1113
8380	1336	1113
8400	1155	1135
8400	1336	1113
8420	1155	1135
8420	1175	1107
8440	1104	1334
8460	1063	1138
8460	1113	1138
8480	1189	1109
8480	1063	1336
8480	1063	1138
8480	1336	1138
8480	1105	1143
8500	1189	1109
8500	1063	1336
8500	1063	1138
8500	1335	1208
8520	1181	1080
8540	1175	1107
8540	1177	1200
8540	1063	1336
8540	1063	1138
8540	1080	1126
8560	1336	1138
8560	1080	1126
8580	1175	1107
8580	1063	1138
8580	1080	1126
8580	1336	1138
8600	1175	1107
8600	1336	1138
8600	1080	1126
8620	1175	1107
8620	1047	1189
8620	1336	1138
8640	1336	1138
8640	1126	1127
8660	1177	1200
8660	1063	1336
8660	1336	1138
8660	1075	1208
8660	1105	1143
8680	1171	1080
8680	1063	1336
8680	1075	1208
8680	1090	1336
8680	1336	1105
8680	1336	1138
8700	1171	1080
8700	1177	1200
8720	1171	1080
8720	1177	1200
8720	1189	1228
8720	1105	1143
8720	1228	1359
8740	1032	1042
8740	1171	1080
8740	1177	1200
8760	1155	1135
8760	1042	1189
8760	1189	1090
8760	1105	1143
8780	1155	1135
8780	1042	1189
8780	1171	1080
8780	1228	1336
8800	1032	1189
8800	1164	1075
8800	1042	1189
8800	1171	1080
8800	1080	1125
8800	1127	1359
8820	1175	1047
8820	1164	1075
8820	1042	1189
8820	1177	1215
8820	1049	1125
8820	1056	1075
8840	1039	1105
8840	1042	1189
8840	1049	1125
8840	1177	1200
8840	1056	1198
8840	1075	1105
8840	1080	1125
8860	1131	1358
8860	1032	1042
8860	1049	1125
8860	1047	1228
8860	1189	1042
8860	1189	1127
8860	1080	1125
8860	1358	1127
8880	1177	1215
8880	1189	1127
8880	1080	1125
8880	1229	1125
8880	1105	1143
8900	1080	1229
8900	1063	1138
8900	1229	1125
8920	1189	1131
8920	1063	1138
8920	1080	1125
8940	1131	1189
8960	1166	1080
8960	1049	1189
8960	1189	1125
8980	1042	1125
8980	1189	1125
8980	1336	1125
9000	1189	1125
9000	1198	1335
9000	1125	1359
9020	1049	1212
9020	1189	1125
9020	1198	1335
9020	1336	1125
9040	1155	1171
9040	1171	1092
9040	1189	1125
9040	1198	1335
9060	1189	1125
9060	1198	1335
9080	1171	1092
9080	1198	1336
9080	1198	1335
9100	1198	1336
9100	1198	1335
9120	1198	1336
9120	1198	1335
9140	1080	1133
9140	1198	1336
9140	1198	1335
9160	1358	1104
9180	1198	1335
9180	1080	1336
9200	1049	1212
9200	1049	1359
9200	1189	1125
9200	1334	1133
9200	1080	1336
9200	1212	1359
9220	1049	1212
9220	1335	1336
9220	1335	1337
9220	1080	1336
9220	1080	1337
9240	1181	1189
9240	1334	1133
9240	1080	1336
9260	1181	1125
9260	1189	1125
9260	1336	1093
9280	1164	1213
9280	1093	1336
9300	1080	1337
9300	1181	1125
9300	1337	1336
9300	1336	1093
9320	1080	1337
9340	1080	1337
9360	1189	1138
9360	1080	1337
9380	1189	1138
9400	1166	1177
9400	1189	1138
9400	1080	1337
9420	1189	1138
9420	1337	1227
9440	1080	1337
9440	1080	1227
9440	1080	1214
9440	1337	1214
9460	1199	1138
9460	1080	1337
9460	1080	1227
9460	1080	1214
9460	1337	1227
9480	1337	1227
9540	1199	1138
9540	1337	1227
9640	1191	1080
9660	1189	1214
9660	1191	1080
9660	1336	1179
9680	1179	1336
9680	1191	1080
9700	1179	1336
9700	1189	1227
9720	1032	1042
9720	1227	1179
9740	1032	1042
9780	1189	1191
9780	1336	1080
9800	1189	1214
9800	1080	1336
9820	1189	1138
9840	1189	1138
9860	1189	1080
9860	1189	1138
9880	1189	1138
9900	1189	1138
9920	1189	1138
9940	1189	1138
9960	1189	1138
9980	1198	1179
10040	1336	1138
10060	1177	1179
10060	1138	1336
10080	1198	1212
10080	1336	1138
10100	1177	1179
10100	1198	1212
10100	1336	1138
10120	1198	1212
10120	1080	1337
10140	1166	1138
10140	1179	1189
10140	1198	1212
10160	1179	1189
10160	1189	1336
10160	1198	1212
10180	1198	1212
10200	1166	1138
10200	1179	1189
10220	1032	1042
10220	1198	1336
10240	1032	1042
10240	1177	1179
10240	1179	1189
10260	1032	1042
10260	1073	1336
10260	1073	1187
10280	1189	1073
10300	1179	1189
10320	1179	1189
10340	1047	1228
10340	1189	1179
10360	1047	1228
10360	1138	1336
10520	1032	1042
10520	1166	1138
10520	1166	1199
10540	1032	1042
10540	1166	1138
10540	1166	1199
10540	1073	1358
10560	1032	1042
10580	1032	1042
10580	1089	1336
10600	1336	1089
10760	1080	1136
10820	1166	1138
10860	1166	1138
10880	1166	1138
11040	1358	1126
11060	1193	1228
11120	1336	1126
11160	1199	1138
11180	1199	1138
11180	1337	1082
11200	1138	1199
11200	1337	1082
11260	1187	1073
11320	1179	1189
11340	1179	1189
11340	1212	1359
11360	1032	1042
11380	1032	1042
11400	1032	1042
11400	1199	1138
11440	1032	1042
11460	1166	1138
11480	1032	1042
11500	1032	1042
11520	1032	1042
11560	1032	1042
11560	1179	1189
11580	1179	1189
11600	1131	1138
11680	1179	1189
11700	1179	1189
11720	1179	1189
11740	1179	1189
11820	1199	1082
11880	1166	1138
11900	1155	1097
11900	1047	1228
11900	1166	1138
11900	1175	1198
11900	1175	1359
11900	1198	1228
11900	1198	1334
11900	1198	1086
11900	1334	1359
11900	1086	1359
11900	1097	1206
11900	1097	1135
11900	1228	1179
11920	1047	1135
11920	1198	1228
11920	1198	1086
11920	1334	1359
11920	1337	1336
11920	1214	1135
11920	1215	1109
11920	1228	1086
11920	1359	1133
11940	1047	1086
11940	1360	1189
11940	1175	1109
11940	1189	1214
11940	1189	1127
11940	1198	1228
11940	1097	1359
11940	1334	1082
11960	1171	1359
11960	1198	1206
11960	1086	1135
11960	1206	1227
11980	1171	1359
11980	1198	1228
11980	1228	1086
11980	1135	1086
12000	1155	1135
12000	1193	1227
12000	1198	1228
12000	1336	1080
12000	1206	1227
12000	1086	1135
12020	1155	1135
12020	1171	1189
12020	1179	1214
12020	1189	1086
12020	1198	1228
12020	1073	1214
12020	1228	1109
12020	1228	1127
12020	1109	1127
12040	1189	1097
12040	1189	1109
12040	1189	1359
12040	1198	1228
12040	1198	1126
12040	1198	1127
12040	1199	1082
12040	1073	1214
12040	1228	1126
12040	1126	1127
12100	1187	1229
12120	1187	1229
12120	1199	1082
12120	1103	1146
12160	1187	1179
12300	1075	1208
12340	1041	1213
12340	1042	1080
12360	1041	1213
12440	1032	1042
12440	1103	1146
12640	1032	1042
12660	1032	1042
12680	1032	1042
12700	1032	1042
12720	1032	1042
12740	1032	1042
12880	1126	1127
12900	1126	1127
12920	1126	1127
12940	1126	1127
12960	1126	1127
12980	1126	1127
13020	1126	1127
13060	1337	1117
13080	1337	1117
13140	1198	1228
13320	1336	1125
13340	1336	1125
13360	1336	1125
13380	1336	1138
13380	1337	1114
13420	1336	1138
13440	1126	1127
13460	1080	1336
13480	1080	1336
13480	1337	1114
13500	1075	1208
13520	1053	1075
13540	1191	1208
13540	1191	1103
13540	1067	1105
13540	1067	1107
13540	1075	1142
13540	1208	1103
13560	1191	1208
13580	1105	1125
13580	1191	1103
13580	1075	1089
13580	1336	1125
13600	1191	1103
13600	1075	1089
13600	1125	1105
13600	1125	1142
13640	1164	1210
13640	1040	1210
13640	1040	1075
13640	1040	1107
13640	1040	1191
13640	1191	1103
13640	1104	1146
13680	1104	1336
13680	1040	1138
13680	1040	1071
13680	1336	1105
13700	1040	1138
13700	1067	1336
13720	1040	1138
13720	1191	1103
13740	1040	1138
13740	1067	1336
13760	1040	1138
13760	1191	1103
13760	1193	1206
13760	1336	1337
13780	1047	1177
13780	1040	1138
13780	1175	1228
13780	1189	1097
13780	1189	1228
13780	1189	1133
13780	1193	1206
13780	1073	1360
13780	1336	1337
13780	1092	1359
13780	1229	1360
13800	1154	1177
13800	1040	1138
13800	1189	1133
13800	1193	1206
13800	1334	1359
13800	1336	1337
13820	1155	1135
13820	1040	1138
13820	1189	1133
13820	1073	1360
13820	1121	1097
13820	1229	1360
13840	1040	1138
13860	1155	1135
13860	1040	1138
13860	1171	1189
13860	1080	1336
13860	1193	1206
13880	1040	1138
13880	1171	1177
13880	1080	1336
13880	1228	1109
13900	1040	1138
13900	1040	1334
13900	1067	1359
13900	1360	1214
13920	1040	1138
13920	1040	1334
13920	1067	1359
13920	1334	1138
13920	1214	1360
13920	1097	1206
13920	1126	1127
13940	1175	1103
13940	1040	1138
13940	1040	1334
13960	1056	1086
13960	1080	1336
13960	1359	1133
13980	1067	1228
13980	1214	1360
14000	1040	1138
14000	1214	1360
14000	1228	1229
14000	1336	1125
14020	1155	1040
14020	1040	1138
14020	1177	1189
14020	1214	1360
14040	1040	1138
14040	1334	1125
14040	1214	1360
14040	1125	1143
14060	1039	1103
14060	1040	1138
14060	1189	1336
14080	1040	1146
14080	1040	1138
14080	1067	1228
14080	1198	1126
14080	1080	1336
14080	1080	1105
14080	1214	1360
14080	1336	1125
14100	1155	1135
14100	1040	1138
14100	1040	1090
14100	1040	1189
14100	1080	1336
14100	1228	1359
14100	1105	1125
14100	1121	1127
14120	1040	1138
14120	1040	1189
14120	1336	1228
14140	1040	1138
14140	1040	1189
14140	1228	1359
14160	1040	1138
14160	1040	1189
14160	1067	1336
14160	1067	1228
14160	1198	1358
14160	1336	1080
14160	1336	1228
14160	1210	1213
14160	1228	1359
14160	1360	1214
14180	1040	1189
14180	1210	1213
14180	1336	1080
14200	1039	1040
14200	1040	1336
14200	1040	1189
14200	1040	1198
14200	1067	1228
14200	1067	1358
14200	1198	1126
14200	1336	1086
14200	1228	1359
14200	1105	1125
14200	1125	1143
14220	1040	1213
14220	1040	1198
14220	1040	1086
14220	1040	1206
14220	1040	1189
14220	1171	1336
14220	1067	1228
14220	1067	1359
14220	1337	1360
14220	1125	1105
14240	1040	1171
14240	1040	1189
14240	1040	1086
14240	1040	1127
14240	1189	1336
14240	1067	1228
14240	1337	1360
14260	1155	1053
14260	1047	1146
14260	1040	1171
14260	1189	1336
14260	1067	1228
14260	1200	1109
14260	1337	1360
14260	1125	1105
14280	1131	1047
14280	1040	1127
14280	1073	1214
14280	1075	1228
14280	1089	1228
14280	1125	1143
14300	1053	1228
14300	1179	1092
14300	1189	1138
14300	1075	1208
14300	1075	1228
14300	1337	1360
14300	1337	1121
14300	1089	1228
14300	1125	1105
14320	1179	1092
14320	1067	1148
14320	1075	1228
14320	1080	1358
14320	1337	1360
14320	1337	1121
14340	1155	1135
14340	1053	1075
14340	1198	1146
14340	1075	1208
14340	1075	1228
14360	1164	1075
14360	1164	1228
14360	1067	1148
14360	1198	1146
14360	1075	1208
14360	1075	1228
14360	1075	1089
14360	1080	1358
14380	1199	1073
14380	1198	1146
14380	1075	1208
14380	1075	1228
14380	1334	1133
14400	1040	1189
14400	1179	1092
14400	1067	1359
14400	1198	1146
14400	1080	1358
14420	1040	1360
14420	1040	1189
14420	1053	1075
14420	1189	1360
14420	1067	1125
14420	1198	1146
14420	1075	1208
14420	1336	1138
14420	1089	1228
14420	1358	1080
14440	1040	1189
14440	1053	1075
14440	1189	1360
14440	1198	1146
14440	1198	1127
14460	1198	1146
14460	1198	1127
14460	1080	1358
14460	1089	1228
14480	1175	1075
14480	1040	1189
14480	1189	1360
14480	1191	1103
14480	1075	1208
14480	1334	1082
14480	1080	1358
14480	1336	1138
14500	1040	1360
14500	1189	1360
14500	1067	1133
14500	1198	1126
14500	1075	1208
14500	1089	1228
14500	1358	1080
14520	1040	1360
14520	1189	1360
14520	1198	1127
14520	1089	1228
14520	1228	1105
14520	1358	1080
14520	1359	1133
14520	1125	1105
14540	1189	1360
14540	1080	1358
14540	1089	1228
14560	1189	1360
14560	1198	1126
14560	1089	1228
14560	1336	1138
14580	1189	1360
14580	1191	1053
14580	1198	1127
14580	1336	1138
14580	1208	1093
14580	1341	1213
14580	1089	1228
14600	1040	1189
14600	1049	1228
14600	1049	1189
14600	1181	1189
14600	1189	1360
14600	1191	1053
14600	1067	1082
14600	1198	1126
14600	1080	1358
14600	1089	1228
14620	1040	1049
14620	1181	1189
14620	1189	1360
14620	1198	1127
14620	1334	1133
14620	1089	1228
14620	1125	1105
14640	1154	1051
14640	1053	1191
14640	1189	1360
14640	1080	1358
14640	1089	1228
14640	1125	1105
14640	1125	1143
14640	1105	1143
14660	1040	1189
14660	1049	1189
14660	1189	1360
14660	1189	1181
14660	1067	1082
14660	1200	1107
14660	1089	1228
14660	1125	1105
14660	1126	1127
14680	1040	1360
14680	1040	1189
14680	1049	1189
14680	1053	1191
14680	1189	1360
14680	1080	1358
14680	1088	1143
14680	1125	1143
14680	1126	1127
14700	1164	1142
14700	1040	1181
14700	1181	1189
14700	1208	1103
14700	1213	1341
14700	1088	1125
14700	1125	1143
14720	1164	1142
14720	1181	1189
14720	1191	1208
14720	1210	1213
14720	1341	1213
14720	1336	1228
14720	1088	1125
14720	1103	1208
14740	1049	1212
14740	1181	1189
14740	1336	1358
14740	1107	1086
14760	1131	1086
14760	1049	1212
14760	1067	1228
14760	1334	1082
14760	1125	1143
14780	1049	1212
14780	1067	1082
14780	1198	1127
14780	1073	1206
14780	1334	1359
14780	1082	1086
14800	1067	1082
14800	1334	1359
14800	1125	1105
14820	1067	1082
14820	1358	1080
14840	1154	1360
14840	1067	1082
14840	1359	1133
14860	1040	1180
14860	1040	1189
14860	1067	1082
14880	1040	1189
14900	1040	1073
14900	1040	1189
14900	1067	1082
14900	1080	1358
14920	1154	1360
14920	1040	1334
14920	1180	1080
14920	1189	1133
14920	1105	1125
14920	1067	1334
14920	1067	1359
14920	1214	1148
14940	1189	1133
14960	1040	1049
14960	1040	1138
14980	1040	1228
14980	1067	1359
15000	1067	1334
15040	1189	1133
15060	1181	1212
15080	1049	1189
15080	1189	1358
15100	1049	1189
15100	1181	1080
15120	1181	1080
15160	1049	1189
15160	1181	1080
15160	1189	1133
15180	1049	1189
15180	1181	1080
15180	1181	1336
15180	1189	1228
15180	1189	1133
15200	1049	1189
15200	1336	1181
15220	1181	1336
15220	1189	1133
15240	1177	1193
15240	1049	1189
15240	1049	1133
15240	1189	1133
15260	1177	1193
15260	1049	1133
15260	1189	1133
15260	1067	1359
15260	1080	1181
15280	1049	1189
15280	1181	1336
15280	1067	1359
15300	1189	1181
15300	1067	1359
15300	1080	1336
15300	1125	1105
15320	1049	1133
15320	1189	1133
15340	1040	1180
15340	1040	1086
15340	1189	1133
15340	1228	1126
15360	1040	1336
15360	1040	1080
15360	1189	1133
15380	1040	1080
15400	1040	1080
15400	1040	1336
15400	1067	1359
15420	1040	1336
15420	1067	1359
15440	1040	1336
15440	1040	1199
15440	1199	1336
15460	1040	1336
15460	1040	1199
15460	1181	1133
15460	1189	1133
15480	1040	1336
15480	1040	1199
15500	1040	1336
15500	1040	1138
15500	1040	1199
15500	1199	1336
15520	1040	1336
15520	1040	1080
15520	1040	1138
15520	1040	1199
15520	1199	1336
15540	1040	1080
15540	1040	1336
15540	1040	1199
15540	1199	1336
15560	1138	1336
15580	1336	1138
15600	1189	1133
15600	1199	1336
15620	1336	1138
15640	1164	1075
15640	1189	1133
15640	1336	1138
15660	1189	1133
15700	1125	1105
15700	1125	1143
15720	1040	1104
15720	1199	1336
15720	1336	1138
15720	1125	1105
15720	1105	1143
15740	1040	1189
15740	1199	1336
15740	1336	1138
15740	1336	1063
15760	1040	1049
15760	1063	1336
15780	1067	1359
15780	1336	1063
15800	1040	1088
15800	1040	1336
15800	1067	1359
15800	1336	1063
15820	1040	1133
15820	1189	1133
15820	1206	1227
15820	1336	1063
15840	1040	1336
15840	1040	1138
15840	1040	1199
15840	1049	1133
15840	1336	1063
15860	1040	1336
15860	1040	1199
15860	1199	1336
15860	1336	1063
15880	1040	1336
15880	1040	1199
15880	1199	1336
15880	1336	1063
15900	1040	1336
15900	1040	1199
15900	1049	1138
15900	1199	1336
15900	1336	1063
15920	1040	1336
15920	1040	1063
15920	1049	1138
15920	1189	1133
15920	1336	1063
15940	1040	1336
15940	1040	1063
15940	1336	1063
15960	1040	1336
15960	1040	1063
15960	1336	1063
15980	1040	1336
15980	1040	1063
15980	1189	1138
15980	1336	1063
16000	1040	1336
16000	1040	1063
16000	1049	1199
16000	1067	1359
16000	1336	1063
16020	1040	1336
16020	1040	1063
16020	1067	1359
16020	1336	1063
16040	1040	1336
16040	1040	1117
16040	1040	1063
16040	1336	1063
16060	1155	1135
16060	1040	1336
16060	1040	1117
16060	1040	1063
16060	1336	1063
16080	1040	1336
16080	1040	1117
16080	1040	1063
16080	1171	1359
16080	1080	1143
16080	1336	1117
16080	1336	1063
16100	1040	1336
16100	1040	1063
16100	1336	1117
16100	1336	1063
16120	1040	1336
16120	1040	1063
16120	1336	1063
16140	1040	1336
16140	1040	1063
16140	1040	1117
16140	1040	1143
16140	1063	1336
16140	1336	1117
16160	1040	1336
16160	1040	1063
16160	1040	1143
16160	1336	1063
16180	1040	1336
16180	1040	1143
16180	1171	1359
16200	1143	1040
16200	1040	1336
16200	1040	1080
16200	1040	1063
16200	1040	1117
16200	1063	1336
16200	1336	1117
16220	1040	1336
16220	1040	1063
16220	1336	1117
16220	1336	1063
16240	1040	1336
16240	1040	1080
16240	1040	1063
16240	1040	1143
16240	1080	1143
16240	1336	1063
16260	1040	1336
16260	1040	1063
16260	1336	1063
16260	1336	1143
16280	1040	1336
16280	1040	1143
16280	1040	1063
16280	1336	1063
16300	1040	1336
16300	1040	1063
16300	1040	1143
16300	1063	1336
16320	1040	1336
16320	1040	1143
16320	1040	1063
16320	1063	1336
16340	1040	1336
16340	1040	1063
16340	1336	1063
16360	1040	1336
16360	1040	1063
16360	1336	1063
16380	1040	1336
16380	1040	1063
16380	1040	1143
16380	1063	1336
16400	1040	1336
16400	1040	1063
16400	1336	1063
16420	1040	1336
16420	1040	1063
16420	1063	1336
16440	1040	1336
16440	1040	1063
16440	1336	1063
16460	1040	1336
16460	1040	1063
16460	1336	1063
16480	1336	1063
16500	1040	1336
16500	1040	1063
16500	1336	1063
16520	1040	1336
16520	1040	1063
16520	1063	1336
16540	1040	1336
16540	1040	1063
16540	1336	1063
16560	1040	1336
16560	1336	1117
16560	1336	1063
16580	1040	1336
16580	1040	1117
16580	1040	1063
16580	1336	1117
16580	1336	1063
16600	1040	1336
16600	1040	1063
16600	1063	1336
16620	1040	1336
16620	1040	1063
16620	1336	1117
16620	1336	1063
16640	1040	1138
16640	1336	1117
16660	1067	1359
16660	1336	1117
16680	1040	1138
16700	1040	1138
16720	1040	1138
16760	1040	1138
16760	1336	1086
16780	1040	1138
16920	1080	1143
16940	1080	1138
16980	1080	1143
17080	1080	1138
17180	1040	1138
17240	1155	1135
17300	1040	1138
17360	1049	1199
17460	1040	1117
17600	1040	1088
17620	1080	1143
17640	1143	1080
17640	1075	1142
17660	1075	1142
17660	1080	1143
17680	1080	1143
17720	1080	1117
17760	1040	1088
17780	1214	1148
17800	1164	1335
17840	1080	1117
17900	1040	1138
17940	1040	1138
17960	1040	1138
17980	1135	1215
18000	1337	1121
18020	1080	1117
18040	1040	1138
18080	1179	1138
18260	1080	1117
18300	1040	1138
18300	1080	1117
18340	1040	1138
18380	1040	1138
18400	1040	1138
18400	1080	1061
18400	1061	1143
18420	1040	1138
18420	1080	1061
18440	1040	1138
18440	1080	1061
18440	1061	1143
18460	1040	1138
18460	1040	1189
18460	1080	1061
18460	1117	1143
18460	1061	1143
18480	1040	1138
18480	1189	1061
18480	1080	1117
18480	1117	1143
18480	1061	1143
18500	1040	1138
18500	1189	1061
18500	1080	1117
18520	1040	1138
18520	1061	1189
18540	1040	1138
18540	1189	1061
18560	1040	1138
18580	1040	1138
18580	1061	1189
18600	1040	1138
18620	1040	1138
18640	1040	1138
18660	1080	1117
18680	1040	1138
18720	1040	1138
18760	1040	1138
18760	1040	1061
18760	1061	1138
18780	1040	1138
18780	1040	1061
18800	1040	1138
18820	1040	1138
18820	1040	1133
18820	1061	1133
18840	1040	1133
18880	1040	1138
18900	1040	1138
18900	1334	1082
18920	1040	1088
18920	1040	1138
18920	1229	1360
18940	1040	1138
18940	1200	1214
18940	1229	1360
18960	1040	1138
18960	1073	1337
18960	1229	1360
18960	1080	1117
18980	1047	1097
18980	1040	1088
18980	1040	1138
18980	1193	1359
18980	1073	1337
19000	1040	1088
19000	1040	1138
19000	1047	1148
19000	1103	1341
19020	1040	1088
19020	1040	1360
19020	1040	1138
19040	1040	1138
19040	1171	1337
19040	1199	1334
19040	1334	1359
19040	1360	1133
19060	1040	1138
19060	1171	1337
19060	1199	1334
19060	1214	1148
19060	1107	1117
19080	1040	1138
19080	1199	1334
19100	1047	1143
19100	1171	1337
19100	1193	1109
19100	1215	1082
19120	1156	1143
19120	1040	1138
19120	1171	1337
19120	1047	1228
19120	1049	1199
19120	1189	1138
19140	1156	1143
19140	1040	1138
19140	1040	1189
19140	1171	1337
19140	1189	1138
19140	1199	1334
19140	1336	1105
19140	1336	1228
19140	1228	1143
19160	1047	1228
19160	1040	1138
19160	1040	1189
19160	1171	1337
19160	1080	1336
19160	1080	1143
19160	1336	1105
19160	1336	1228
19160	1336	1143
19160	1228	1143
19180	1040	1360
19180	1040	1138
19180	1171	1337
19180	1199	1359
19180	1334	1359
19180	1080	1065
19180	1080	1143
19200	1040	1088
19200	1040	1138
19200	1171	1337
19200	1049	1199
19200	1065	1080
19200	1065	1143
19200	1199	1334
19200	1080	1143
19220	1040	1138
19220	1171	1073
19220	1065	1080
19220	1065	1143
19220	1199	1334
19220	1199	1359
19220	1073	1337
19220	1080	1143
19240	1154	1214
19240	1040	1138
19240	1040	1133
19240	1065	1080
19240	1065	1143
19240	1073	1337
19240	1334	1359
19240	1080	1143
19240	1109	1193
19260	1040	1360
19260	1040	1138
19260	1171	1337
19260	1171	1073
19260	1047	1228
19260	1065	1214
19260	1065	1143
19260	1073	1336
19260	1073	1337
19260	1080	1143
19260	1337	1336
19260	1109	1193
19280	1047	1228
19280	1171	1337
19280	1199	1334
19280	1199	1359
19280	1073	1336
19280	1334	1359
19300	1073	1336
19300	1334	1359
19300	1360	1133
19320	1154	1214
19320	1171	1337
19320	1073	1336
19320	1080	1143
19320	1360	1133
19340	1171	1336
19340	1171	1337
19340	1080	1214
19340	1073	1336
19340	1073	1121
19340	1337	1336
19340	1360	1133
19360	1040	1138
19360	1171	1336
19360	1171	1337
19360	1073	1121
19360	1337	1336
19380	1040	1138
19380	1171	1336
19380	1073	1121
19380	1080	1105
19380	1337	1336
19400	1155	1156
19400	1040	1138
19400	1171	1337
19400	1337	1358
19400	1358	1336
19420	1171	1337
19420	1080	1143
19420	1334	1228
19420	1336	1358
19420	1105	1143
19420	1360	1133
19440	1171	1337
19440	1053	1208
19440	1191	1071
19440	1071	1213
19440	1336	1358
19460	1171	1337
19460	1171	1212
19460	1053	1208
19460	1191	1103
19460	1071	1213
19460	1142	1146
19480	1053	1208
19480	1191	1103
19480	1071	1213
19480	1210	1341
19480	1341	1090
19500	1171	1336
19500	1171	1337
19500	1191	1103
19500	1071	1213
19500	1334	1359
19500	1080	1105
19500	1210	1341
19500	1212	1336
19520	1171	1131
19520	1191	1103
19520	1071	1213
19520	1336	1212
19520	1136	1142
19540	1041	1210
19540	1171	1131
19540	1191	1103
19540	1071	1213
19540	1334	1360
19540	1335	1208
19540	1336	1212
19540	1210	1213
19540	1089	1142
19560	1131	1171
19560	1156	1171
19560	1041	1210
19560	1180	1358
19560	1191	1103
19560	1071	1213
19560	1334	1358
19560	1210	1341
19580	1051	1335
19580	1191	1103
19580	1210	1213
19600	1041	1213
19600	1358	1065
19620	1104	1051
19620	1171	1131
19620	1049	1080
19620	1210	1341
19620	1210	1213
19620	1213	1341
19640	1210	1213
19680	1199	1359
19700	1180	1080
19720	1080	1337
19720	1210	1341
19720	1210	1213
19720	1341	1213
19740	1080	1337
19740	1210	1213
19740	1213	1341
19760	1181	1125
19760	1191	1103
19760	1210	1213
19780	1210	1213
19800	1156	1117
19800	1181	1336
19800	1181	1125
19800	1191	1103
19800	1065	1360
19800	1336	1125
19800	1341	1213
19820	1181	1125
19820	1191	1103
19820	1336	1125
19840	1181	1336
19840	1181	1125
19840	1191	1103
19840	1065	1360
19840	1336	1097
19840	1336	1125
19840	1097	1125
19860	1049	1212
19860	1191	1103
19860	1065	1360
19860	1336	1125
19860	1210	1213
19880	1049	1212
19880	1191	1103
19880	1080	1337
19880	1089	1358
19880	1090	1126
19880	1336	1125
19900	1049	1212
19900	1191	1103
19900	1080	1337
19900	1208	1143
19900	1213	1341
19900	1336	1125
19900	1090	1126
19920	1049	1212
19920	1181	1336
19920	1181	1125
19920	1191	1103
19920	1336	1125
19940	1040	1138
19940	1171	1214
19940	1049	1212
19940	1180	1080
19940	1191	1103
19940	1080	1337
19940	1210	1213
19940	1061	1125
19960	1040	1138
19960	1049	1212
19960	1191	1103
19980	1156	1117
19980	1040	1041
19980	1047	1228
19980	1049	1212
19980	1191	1103
20000	1164	1213
20000	1041	1210
20000	1049	1212
20000	1061	1125
20000	1191	1103
20000	1213	1341
20000	1089	1142
20020	1049	1212
20020	1061	1125
20020	1191	1103
20020	1089	1142
20040	1049	1212
20040	1189	1212
20040	1191	1103
20040	1065	1360
20040	1198	1073
20040	1080	1337
20040	1210	1213
20040	1341	1213
20040	1089	1142
20060	1177	1228
20060	1049	1212
20060	1189	1212
20060	1198	1073
20060	1210	1213
20060	1213	1341
20060	1089	1142
20060	1126	1146
20080	1164	1213
20080	1040	1138
20080	1049	1212
20080	1053	1208
20080	1189	1212
20080	1191	1103
20080	1089	1142
20080	1126	1146
20100	1040	1138
20100	1189	1212
20100	1189	1143
20100	1080	1337
20100	1212	1105
20100	1212	1143
20100	1089	1142
20100	1105	1143
20120	1040	1138
20120	1189	1105
20120	1189	1212
20120	1189	1143
20120	1065	1360
20120	1198	1146
20120	1212	1105
20120	1212	1143
20120	1089	1142
20120	1126	1146
20120	1105	1143
20140	1040	1138
20140	1175	1125
20140	1049	1212
20140	1189	1212
20140	1198	1146
20140	1212	1143
20140	1089	1142
20140	1126	1146
20160	1040	1080
20160	1040	1088
20160	1040	1138
20160	1049	1212
20160	1189	1212
20160	1189	1143
20160	1065	1360
20160	1198	1146
20160	1198	1127
20160	1073	1206
20160	1212	1105
20160	1212	1143
20160	1089	1142
20160	1105	1143
20180	1154	1187
20180	1040	1138
20180	1171	1215
20180	1049	1212
20180	1189	1212
20180	1198	1146
20180	1089	1142
20180	1105	1143
20200	1040	1138
20200	1049	1212
20200	1049	1189
20200	1189	1212
20200	1189	1143
20200	1191	1103
20200	1198	1146
20200	1198	1127
20200	1212	1143
20200	1212	1105
20200	1089	1142
20200	1126	1146
20220	1040	1088
20220	1040	1138
20220	1040	1133
20220	1049	1212
20220	1049	1189
20220	1177	1360
20220	1177	1103
20220	1189	1143
20220	1189	1212
20220	1189	1105
20220	1191	1103
20220	1065	1360
20220	1198	1146
20220	1198	1127
20220	1212	1105
20220	1089	1142
20240	1040	1088
20240	1040	1138
20240	1040	1133
20240	1049	1189
20240	1177	1103
20240	1189	1212
20240	1189	1143
20240	1191	1208
20240	1191	1103
20240	1198	1146
20240	1198	1127
20240	1089	1142
20240	1126	1146
20260	1040	1138
20260	1040	1133
20260	1177	1191
20260	1049	1212
20260	1049	1189
20260	1189	1212
20260	1189	1143
20260	1191	1208
20260	1198	1146
20260	1337	1228
20260	1088	1133
20260	1089	1142
20280	1040	1138
20280	1040	1133
20280	1177	1191
20280	1049	1212
20280	1049	1189
20280	1053	1208
20280	1189	1212
20280	1189	1143
20280	1191	1208
20280	1198	1146
20280	1210	1213
20280	1089	1142
20300	1040	1138
20300	1040	1133
20300	1177	1191
20300	1049	1212
20300	1049	1189
20300	1053	1208
20300	1053	1191
20300	1189	1212
20300	1189	1143
20300	1191	1208
20300	1065	1360
20300	1198	1146
20300	1075	1142
20300	1212	1105
20320	1040	1138
20320	1040	1133
20320	1177	1191
20320	1049	1212
20320	1053	1208
20320	1053	1191
20320	1189	1212
20320	1189	1143
20320	1191	1208
20320	1198	1146
20320	1198	1127
20320	1133	1138
20340	1191	1208
20340	1191	1177
20340	1191	1053
20340	1040	1138
20340	1040	1133
20340	1049	1212
20340	1053	1208
20340	1189	1105
20340	1189	1212
20340	1189	1143
20340	1065	1360
20340	1198	1146
20340	1198	1127
20340	1080	1113
20340	1212	1143
20340	1212	1105
20340	1105	1143
20360	1040	1138
20360	1040	1133
20360	1177	1191
20360	1049	1212
20360	1053	1208
20360	1053	1191
20360	1189	1212
20360	1189	1143
20360	1191	1208
20360	1198	1146
20360	1105	1143
20360	1133	1138
20380	1040	1146
20380	1177	1191
20380	1049	1212
20380	1053	1208
20380	1053	1191
20380	1189	1105
20380	1189	1212
20380	1189	1143
20380	1191	1208
20380	1065	1360
20380	1198	1146
20380	1105	1143
20380	1133	1138
20400	1040	1146
20400	1040	1334
20400	1040	1199
20400	1177	1191
20400	1049	1212
20400	1053	1208
20400	1053	1191
20400	1189	1212
20400	1189	1143
20400	1191	1208
20400	1065	1360
20400	1198	1146
20400	1073	1117
20400	1212	1143
20400	1126	1146
20400	1105	1143
20400	1133	1138
20420	1360	1065
20420	1177	1191
20420	1049	1212
20420	1179	1080
20420	1053	1208
20420	1189	1105
20420	1189	1212
20420	1189	1143
20420	1191	1208
20420	1198	1146
20420	1212	1143
20420	1212	1105
20420	1105	1143
20440	1040	1228
20440	1177	1191
20440	1177	1103
20440	1049	1212
20440	1049	1189
20440	1181	1189
20440	1061	1125
20440	1191	1208
20440	1191	1103
20440	1065	1360
20440	1198	1146
20440	1212	1189
20440	1053	1208
20440	1103	1208
20440	1125	1105
20460	1039	1067
20460	1177	1103
20460	1177	1191
20460	1049	1212
20460	1049	1189
20460	1181	1189
20460	1181	1143
20460	1189	1212
20460	1191	1208
20460	1191	1103
20460	1198	1146
20460	1053	1208
20460	1089	1142
20460	1208	1103
20460	1125	1105
20480	1040	1146
20480	1177	1191
20480	1177	1103
20480	1049	1212
20480	1049	1189
20480	1181	1189
20480	1181	1143
20480	1189	1212
20480	1191	1208
20480	1191	1103
20480	1067	1082
20480	1198	1146
20480	1075	1089
20480	1075	1142
20480	1053	1208
20480	1208	1103
20480	1125	1105
20480	1105	1143
20480	1133	1138
20500	1041	1206
20500	1177	1191
20500	1177	1103
20500	1049	1212
20500	1049	1189
20500	1181	1189
20500	1189	1212
20500	1189	1143
20500	1191	1208
20500	1191	1103
20500	1198	1146
20500	1075	1089
20500	1075	1142
20500	1080	1228
20500	1080	1213
20500	1210	1213
20500	1053	1208
20500	1125	1105
20500	1105	1143
20520	1164	1089
20520	1177	1191
20520	1049	1212
20520	1049	1189
20520	1053	1208
20520	1189	1143
20520	1189	1212
20520	1189	1181
20520	1189	1105
20520	1191	1208
20520	1191	1103
20520	1198	1146
20520	1075	1089
20520	1075	1142
20520	1210	1213
20520	1089	1142
20520	1181	1143
20520	1061	1125
20520	1125	1105
20520	1125	1143
20520	1105	1143
20540	1164	1089
20540	1164	1142
20540	1049	1212
20540	1049	1189
20540	1177	1191
20540	1181	1143
20540	1189	1212
20540	1189	1105
20540	1189	1143
20540	1191	1208
20540	1191	1053
20540	1191	1103
20540	1198	1146
20540	1075	1089
20540	1208	1053
20540	1089	1142
20540	1061	1125
20540	1125	1105
20540	1125	1143
20560	1164	1142
20560	1177	1191
20560	1177	1103
20560	1049	1212
20560	1049	1189
20560	1053	1208
20560	1189	1105
20560	1189	1212
20560	1189	1181
20560	1191	1208
20560	1191	1103
20560	1198	1146
20560	1075	1142
20560	1080	1337
20560	1212	1103
20560	1341	1213
20560	1181	1105
20560	1181	1143
20560	1061	1105
20560	1125	1105
20560	1126	1146
20580	1177	1191
20580	1181	1105
20580	1181	1189
20580	1181	1143
20580	1189	1105
20580	1191	1208
20580	1191	1103
20580	1067	1082
20580	1075	1142
20580	1053	1208
20580	1061	1105
20580	1061	1125
20580	1125	1105
20600	1164	1089
20600	1177	1191
20600	1177	1103
20600	1181	1143
20600	1191	1208
20600	1191	1053
20600	1198	1146
20600	1075	1089
20600	1075	1142
20600	1053	1208
20600	1208	1103
20600	1125	1105
20620	1177	1103
20620	1177	1191
20620	1191	1208
20620	1191	1103
20620	1075	1142
20620	1080	1337
20620	1053	1208
20620	1208	1103
20640	1040	1136
20640	1040	1105
20640	1177	1103
20640	1177	1191
20640	1191	1208
20640	1191	1103
20640	1075	1089
20640	1075	1142
20640	1053	1208
20660	1040	1228
20660	1177	1191
20660	1177	1103
20660	1049	1063
20660	1053	1208
20660	1191	1208
20660	1191	1103
20660	1198	1146
20660	1075	1089
20660	1075	1142
20660	1080	1337
20660	1103	1208
20680	1040	1228
20680	1177	1191
20680	1177	1103
20680	1049	1189
20680	1049	1063
20680	1067	1228
20680	1198	1146
20680	1075	1089
20680	1075	1142
20680	1053	1208
20680	1208	1191
20680	1103	1191
20700	1177	1103
20700	1053	1208
20700	1053	1191
20700	1067	1228
20700	1075	1089
20700	1208	1191
20700	1208	1103
20700	1103	1191
20700	1061	1125
20720	1155	1135
20720	1040	1228
20720	1049	1181
20720	1049	1189
20720	1177	1103
20720	1177	1191
20720	1053	1208
20720	1061	1125
20720	1067	1228
20720	1181	1189
20720	1075	1142
20720	1191	1208
20720	1191	1103
20740	1164	1142
20740	1040	1136
20740	1040	1228
20740	1177	1103
20740	1049	1189
20740	1049	1181
20740	1181	1143
20740	1191	1208
20740	1191	1103
20740	1067	1228
20740	1198	1146
20740	1199	1133
20740	1075	1142
20740	1208	1053
20740	1208	1103
20740	1334	1133
20740	1061	1125
20760	1040	1228
20760	1049	1125
20760	1049	1061
20760	1177	1191
20760	1181	1143
20760	1061	1125
20760	1191	1208
20760	1191	1103
20760	1067	1228
20760	1198	1146
20760	1208	1053
20760	1208	1103
20780	1053	1208
20780	1040	1228
20780	1049	1125
20780	1049	1061
20780	1177	1191
20780	1061	1125
20780	1105	1125
20780	1191	1208
20780	1191	1103
20780	1065	1360
20780	1067	1228
20780	1075	1142
20780	1334	1133
20780	1334	1359
20780	1080	1337
20780	1103	1208
20800	1164	1142
20800	1040	1136
20800	1049	1061
20800	1181	1105
20800	1189	1136
20800	1105	1143
20800	1191	1208
20800	1191	1103
20800	1065	1360
20800	1198	1146
20800	1199	1228
20800	1075	1142
20800	1334	1359
20800	1208	1103
20800	1208	1053
20800	1228	1082
20800	1061	1125
20820	1164	1113
20820	1164	1142
20820	1040	1136
20820	1040	1360
20820	1040	1061
20820	1049	1061
20820	1177	1103
20820	1177	1191
20820	1105	1125
20820	1191	1208
20820	1191	1103
20820	1067	1228
20820	1053	1208
20820	1103	1208
20840	1191	1208
20840	1191	1177
20840	1164	1089
20840	1164	1113
20840	1040	1136
20840	1040	1199
20840	1177	1103
20840	1049	1125
20840	1199	1228
20840	1053	1208
20840	1089	1142
20840	1103	1208
20840	1125	1105
20860	1177	1103
20860	1177	1191
20860	1049	1125
20860	1181	1105
20860	1191	1208
20860	1191	1103
20860	1199	1082
20860	1199	1228
20860	1053	1208
20860	1053	1103
20880	1177	1191
20880	1177	1103
20880	1049	1125
20880	1181	1105
20880	1191	1208
20880	1191	1103
20880	1334	1133
20880	1053	1208
20880	1359	1133
20880	1061	1125
20880	1125	1105
20900	1040	1104
20900	1040	1198
20900	1181	1105
20900	1198	1146
20900	1053	1208
20900	1103	1191
20900	1359	1133
20900	1061	1125
20920	1164	1142
20920	1177	1191
20920	1177	1103
20920	1049	1061
20920	1049	1125
20920	1181	1105
20920	1181	1125
20920	1191	1103
20920	1198	1146
20920	1334	1104
20920	1082	1228
20920	1089	1142
20920	1228	1146
20920	1104	1133
20940	1191	1208
20940	1191	1177
20940	1191	1103
20940	1040	1337
20940	1049	1061
20940	1049	1125
20940	1179	1227
20940	1181	1105
20940	1067	1133
20940	1198	1146
20940	1053	1208
20940	1075	1089
20940	1080	1337
20940	1089	1142
20960	1049	1105
20960	1049	1061
20960	1177	1103
20960	1177	1191
20960	1181	1143
20960	1191	1208
20960	1198	1146
20960	1053	1208
20960	1075	1089
20960	1075	1142
20960	1080	1337
20960	1089	1142
20960	1113	1142
20960	1114	1136
20980	1177	1191
20980	1177	1103
20980	1049	1061
20980	1181	1105
20980	1181	1143
20980	1189	1105
20980	1198	1146
20980	1075	1089
20980	1075	1142
20980	1210	1341
20980	1053	1208
20980	1053	1191
20980	1089	1142
20980	1228	1082
20980	1103	1191
20980	1208	1191
20980	1113	1142
20980	1359	1133
21000	1191	1208
21000	1191	1177
21000	1191	1103
21000	1040	1136
21000	1049	1061
21000	1049	1125
21000	1177	1103
21000	1181	1143
21000	1189	1105
21000	1198	1146
21000	1199	1138
21000	1075	1142
21000	1080	1337
21000	1053	1208
21000	1089	1142
21000	1061	1125
21000	1105	1143
21020	1164	1142
21020	1177	1191
21020	1049	1125
21020	1049	1061
21020	1181	1125
21020	1181	1143
21020	1061	1125
21020	1191	1208
21020	1191	1103
21020	1075	1089
21020	1075	1142
21020	1080	1337
21020	1210	1114
21020	1089	1142
21040	1164	1113
21040	1164	1142
21040	1040	1103
21040	1049	1061
21040	1049	1125
21040	1177	1191
21040	1181	1143
21040	1191	1208
21040	1191	1053
21040	1075	1089
21040	1075	1142
21040	1080	1337
21060	1040	1073
21060	1177	1191
21060	1049	1061
21060	1049	1125
21060	1051	1335
21060	1181	1143
21060	1198	1146
21060	1073	1080
21060	1075	1089
21060	1334	1133
21060	1089	1142
21060	1061	1125
21080	1040	1104
21080	1177	1191
21080	1049	1061
21080	1049	1125
21080	1181	1143
21080	1051	1104
21080	1061	1125
21080	1191	1208
21080	1198	1146
21080	1075	1089
21080	1075	1142
21080	1334	1133
21080	1089	1142
21100	1175	1228
21100	1049	1061
21100	1177	1191
21100	1067	1334
21100	1073	1337
21100	1075	1089
21100	1075	1142
21100	1334	1133
21100	1080	1104
21100	1181	1125
21100	1181	1143
21100	1061	1125
21100	1063	1143
21120	1177	1103
21120	1177	1191
21120	1049	1061
21120	1181	1125
21120	1181	1143
21120	1061	1125
21120	1191	1053
21120	1191	1103
21120	1067	1133
21120	1073	1334
21120	1075	1089
21120	1075	1142
21120	1063	1143
21120	1053	1208
21120	1125	1105
21140	1040	1104
21140	1049	1061
21140	1177	1191
21140	1177	1103
21140	1181	1143
21140	1191	1208
21140	1191	1053
21140	1191	1103
21140	1067	1133
21140	1075	1089
21140	1075	1142
21140	1082	1228
21140	1089	1142
21140	1125	1105
21140	1063	1143
21160	1049	1061
21160	1177	1191
21160	1177	1103
21160	1191	1053
21160	1191	1103
21160	1067	1133
21160	1067	1359
21160	1075	1089
21160	1075	1142
21160	1088	1138
21160	1089	1142
21160	1359	1133
21160	1125	1105
21180	1040	1138
21180	1049	1125
21180	1049	1061
21180	1181	1105
21180	1191	1208
21180	1191	1053
21180	1191	1103
21180	1067	1334
21180	1067	1359
21180	1198	1146
21180	1075	1089
21180	1075	1142
21180	1334	1133
21180	1080	1337
21180	1082	1228
21180	1088	1138
21180	1089	1142
21180	1061	1125
21180	1105	1143
21200	1040	1180
21200	1049	1125
21200	1049	1061
21200	1177	1191
21200	1191	1103
21200	1067	1133
21200	1067	1334
21200	1075	1089
21200	1075	1142
21200	1334	1133
21200	1334	1359
21200	1359	1133
21200	1061	1125
21220	1155	1040
21220	1164	1113
21220	1040	1228
21220	1049	1125
21220	1049	1061
21220	1051	1335
21220	1181	1105
21220	1063	1143
21220	1073	1080
21220	1075	1089
21220	1075	1142
21220	1334	1133
21220	1053	1191
21220	1208	1191
21220	1103	1191
21220	1061	1125
21240	1177	1191
21240	1177	1103
21240	1049	1061
21240	1049	1125
21240	1181	1105
21240	1181	1125
21240	1181	1143
21240	1179	1227
21240	1061	1125
21240	1191	1103
21240	1067	1334
21240	1075	1089
21240	1334	1133
21240	1063	1143
21240	1082	1228
21240	1053	1103
21240	1090	1126
21260	1143	1181
21260	1177	1191
21260	1177	1103
21260	1049	1061
21260	1049	1125
21260	1181	1105
21260	1181	1125
21260	1061	1125
21260	1067	1334
21260	1075	1089
21260	1075	1142
21260	1080	1085
21260	1082	1228
21260	1053	1103
21260	1089	1142
21260	1125	1105
21280	1164	1113
21280	1177	1103
21280	1177	1191
21280	1049	1061
21280	1049	1125
21280	1181	1105
21280	1181	1125
21280	1181	1143
21280	1191	1208
21280	1191	1053
21280	1191	1103
21280	1067	1334
21280	1198	1146
21280	1075	1142
21280	1082	1228
21280	1053	1103
21280	1103	1208
21280	1061	1125
21280	1105	1143
21300	1164	1113
21300	1040	1133
21300	1049	1181
21300	1049	1125
21300	1049	1061
21300	1177	1191
21300	1177	1103
21300	1181	1143
21300	1181	1125
21300	1181	1105
21300	1191	1053
21300	1191	1103
21300	1067	1334
21300	1198	1146
21300	1075	1089
21300	1075	1142
21300	1082	1228
21300	1089	1142
21300	1097	1138
21300	1189	1105
21300	1125	1105
21320	1177	1191
21320	1177	1103
21320	1049	1061
21320	1049	1125
21320	1181	1105
21320	1181	1125
21320	1181	1143
21320	1067	1133
21320	1198	1146
21320	1075	1089
21320	1075	1142
21320	1089	1142
21320	1228	1082
21320	1103	1191
21320	1125	1105
21340	1177	1103
21340	1177	1191
21340	1049	1125
21340	1049	1061
21340	1181	1125
21340	1181	1143
21340	1189	1105
21340	1191	1208
21340	1075	1089
21340	1075	1142
21340	1334	1133
21340	1053	1208
21340	1089	1142
21340	1061	1125
21340	1105	1143
21360	1177	1103
21360	1177	1191
21360	1049	1061
21360	1049	1125
21360	1181	1125
21360	1181	1143
21360	1061	1125
21360	1191	1208
21360	1198	1073
21360	1075	1089
21360	1075	1142
21360	1089	1142
21380	1155	1135
21380	1177	1191
21380	1049	1061
21380	1049	1125
21380	1191	1208
21380	1191	1053
21380	1191	1103
21380	1198	1073
21380	1075	1089
21380	1075	1142
21380	1089	1142
21380	1090	1126
21380	1061	1125
21380	1125	1105
21400	1155	1135
21400	1177	1103
21400	1177	1191
21400	1049	1061
21400	1049	1125
21400	1051	1335
21400	1181	1105
21400	1181	1125
21400	1198	1073
21400	1075	1089
21400	1075	1142
21400	1335	1135
21400	1053	1191
21400	1089	1142
21400	1090	1126
21400	1105	1125
21400	1061	1125
21420	1177	1191
21420	1177	1103
21420	1049	1061
21420	1181	1125
21420	1061	1125
21420	1073	1127
21420	1075	1089
21420	1075	1142
21420	1334	1080
21420	1089	1142
21420	1090	1126
21440	1040	1080
21440	1177	1191
21440	1177	1103
21440	1049	1061
21440	1181	1125
21440	1191	1208
21440	1073	1146
21440	1075	1142
21440	1090	1126
21440	1061	1125
21460	1177	1103
21460	1177	1191
21460	1049	1061
21460	1051	1335
21460	1181	1125
21460	1191	1208
21460	1075	1089
21460	1075	1142
21460	1335	1135
21460	1090	1126
21460	1105	1125
21460	1061	1125
21480	1049	1061
21480	1177	1191
21480	1181	1125
21480	1061	1125
21480	1075	1089
21480	1075	1142
21480	1053	1191
21480	1090	1126
21500	1049	1061
21500	1177	1191
21500	1181	1125
21500	1061	1125
21500	1191	1053
21500	1075	1142
21500	1063	1138
21520	1155	1135
21520	1177	1103
21520	1177	1191
21520	1181	1105
21520	1191	1053
21520	1191	1103
21520	1198	1073
21520	1075	1142
21520	1103	1208
21520	1063	1138
21540	1155	1135
21540	1177	1208
21540	1177	1191
21540	1180	1080
21540	1181	1105
21540	1061	1125
21540	1191	1053
21540	1198	1073
21540	1075	1142
21540	1103	1208
21540	1189	1105
21540	1189	1138
21540	1105	1138
21540	1063	1138
21560	1177	1191
21560	1177	1103
21560	1061	1125
21560	1063	1138
21560	1198	1127
21560	1075	1142
21560	1105	1125
21560	1105	1143
21580	1177	1103
21580	1177	1191
21580	1049	1061
21580	1180	1073
21580	1063	1138
21580	1191	1208
21580	1191	1103
21580	1075	1142
21580	1334	1359
21580	1105	1125
21580	1061	1125
21600	1152	1080
21600	1152	1180
21600	1177	1208
21600	1177	1191
21600	1049	1061
21600	1180	1073
21600	1179	1227
21600	1063	1138
21600	1198	1127
21600	1334	1359
21600	1127	1146
21600	1053	1191
21600	1103	1191
21600	1208	1191
21600	1061	1125
21600	1061	1105
21600	1125	1105
21620	1152	1080
21620	1156	1146
21620	1177	1191
21620	1177	1103
21620	1049	1061
21620	1180	1073
21620	1063	1138
21620	1198	1146
21620	1198	1127
21620	1191	1208
21620	1191	1053
21620	1090	1126
21620	1125	1105
21640	1177	1191
21640	1177	1103
21640	1049	1061
21640	1191	1208
21640	1191	1053
21640	1193	1358
21640	1198	1127
21640	1075	1142
21640	1127	1146
21640	1125	1105
21640	1063	1138
21660	1152	1073
21660	1152	1180
21660	1049	1061
21660	1177	1208
21660	1177	1103
21660	1177	1191
21660	1063	1138
21660	1191	1208
21660	1191	1053
21660	1075	1142
21660	1105	1125
21660	1127	1146
21680	1152	1180
21680	1191	1208
21680	1191	1177
21680	1191	1103
21680	1177	1103
21680	1049	1061
21680	1063	1138
21680	1075	1142
21680	1127	1146
21680	1085	1358
21680	1053	1208
21680	1358	1193
21700	1152	1180
21700	1177	1191
21700	1177	1103
21700	1049	1061
21700	1191	1208
21700	1191	1103
21700	1127	1146
21700	1053	1208
21700	1103	1208
21700	1125	1105
21720	1152	1180
21720	1152	1358
21720	1177	1191
21720	1177	1103
21720	1049	1061
21720	1181	1105
21720	1181	1125
21720	1181	1143
21720	1061	1125
21720	1191	1208
21720	1191	1103
21720	1334	1359
21720	1127	1146
21720	1103	1208
21740	1152	1180
21740	1152	1358
21740	1049	1061
21740	1177	1103
21740	1177	1191
21740	1179	1337
21740	1179	1073
21740	1181	1105
21740	1181	1125
21740	1181	1143
21740	1063	1138
21740	1073	1337
21740	1073	1085
21740	1075	1142
21740	1208	1191
21740	1208	1053
21740	1208	1103
21740	1085	1358
21740	1105	1143
21740	1105	1125
21740	1061	1125
21740	1125	1143
21760	1152	1180
21760	1049	1061
21760	1177	1208
21760	1177	1103
21760	1177	1191
21760	1053	1191
21760	1063	1138
21760	1061	1125
21760	1191	1208
21760	1191	1103
21760	1193	1358
21760	1075	1142
21760	1208	1103
21760	1085	1358
21760	1105	1125
21760	1105	1143
21760	1181	1143
21760	1125	1143
21780	1152	1073
21780	1152	1180
21780	1191	1208
21780	1191	1177
21780	1191	1103
21780	1049	1061
21780	1049	1125
21780	1180	1073
21780	1181	1143
21780	1061	1125
21780	1063	1138
21780	1067	1334
21780	1073	1085
21780	1073	1358
21780	1075	1142
21780	1053	1103
21780	1089	1142
21780	1358	1085
21780	1105	1143
21800	1177	1191
21800	1049	1125
21800	1049	1061
21800	1051	1107
21800	1180	1358
21800	1063	1138
21800	1191	1208
21800	1191	1103
21800	1193	1358
21800	1075	1142
21800	1208	1053
21800	1105	1125
21820	1143	1105
21820	1164	1073
21820	1049	1061
21820	1177	1208
21820	1177	1103
21820	1177	1191
21820	1051	1107
21820	1063	1138
21820	1191	1208
21820	1075	1089
21820	1075	1142
21820	1334	1082
21820	1208	1053
21820	1208	1103
21820	1105	1125
21840	1143	1181
21840	1164	1073
21840	1177	1191
21840	1177	1103
21840	1049	1061
21840	1049	1125
21840	1181	1189
21840	1061	1125
21840	1063	1138
21840	1075	1089
21840	1075	1142
21840	1208	1191
21840	1189	1105
21840	1125	1105
21860	1181	1105
21860	1181	1143
21860	1177	1103
21860	1177	1191
21860	1061	1125
21860	1191	1208
21860	1191	1103
21860	1075	1089
21860	1125	1105
21860	1063	1138
21880	1177	1191
21880	1177	1103
21880	1049	1061
21880	1181	1143
21880	1061	1125
21880	1191	1208
21880	1191	1103
21880	1073	1089
21880	1073	1075
21880	1075	1142
21880	1208	1103
21880	1127	1146
21880	1189	1143
21880	1125	1105
21880	1063	1138
21900	1049	1061
21900	1177	1208
21900	1177	1191
21900	1177	1103
21900	1179	1337
21900	1191	1208
21900	1073	1089
21900	1073	1075
21900	1127	1146
21900	1053	1208
21900	1090	1126
21900	1103	1208
21900	1061	1125
21900	1125	1105
21900	1063	1138
21920	1177	1103
21920	1177	1191
21920	1049	1061
21920	1181	1143
21920	1063	1138
21920	1073	1089
21920	1073	1075
21920	1191	1208
21920	1191	1103
21920	1061	1125
21920	1125	1105
21940	1177	1103
21940	1181	1143
21940	1061	1125
21940	1073	1075
21940	1053	1208
21940	1103	1191
21940	1208	1191
21960	1164	1089
21960	1177	1103
21960	1049	1061
21960	1053	1191
21960	1061	1125
21960	1105	1125
21960	1191	1208
21960	1191	1103
21960	1073	1075
21980	1177	1103
21980	1177	1191
21980	1049	1061
21980	1189	1105
21980	1191	1208
21980	1191	1103
21980	1198	1146
21980	1073	1089
21980	1127	1146
21980	1061	1125
21980	1125	1105
21980	1105	1063
22000	1040	1179
22000	1040	1180
22000	1049	1061
22000	1177	1103
22000	1063	1138
22000	1061	1125
22000	1073	1089
22000	1337	1179
22000	1105	1125
22020	1164	1073
22020	1040	1090
22020	1040	1199
22020	1177	1103
22020	1177	1191
22020	1049	1061
22020	1049	1125
22020	1180	1080
22020	1189	1105
22020	1061	1125
22020	1125	1105
22040	1164	1073
22040	1040	1133
22040	1041	1206
22040	1049	1061
22040	1049	1125
22040	1180	1080
22040	1189	1105
22040	1191	1208
22040	1191	1103
22040	1125	1105
22040	1063	1138
22060	1040	1114
22060	1177	1103
22060	1049	1061
22060	1049	1125
22060	1053	1208
22060	1063	1138
22060	1067	1082
22060	1090	1126
22060	1103	1191
22060	1189	1105
22080	1040	1114
22080	1177	1103
22080	1049	1061
22080	1049	1125
22080	1189	1105
22080	1073	1089
22080	1075	1142
22080	1336	1125
22080	1090	1126
22080	1061	1125
22080	1061	1105
22100	1164	1089
22100	1040	1199
22100	1177	1191
22100	1063	1138
22100	1191	1208
22100	1075	1089
22100	1075	1142
22100	1337	1179
22100	1090	1126
22120	1191	1208
22120	1191	1177
22120	1191	1053
22120	1040	1199
22120	1189	1063
22120	1063	1138
22120	1075	1089
22140	1040	1114
22140	1040	1199
22140	1177	1191
22140	1177	1103
22140	1063	1138
22140	1067	1082
22140	1075	1089
22140	1208	1191
22140	1336	1125
22140	1125	1105
22160	1191	1208
22160	1191	1177
22160	1191	1103
22160	1040	1073
22160	1040	1114
22160	1040	1199
22160	1171	1215
22160	1177	1103
22160	1063	1138
22160	1067	1082
22160	1075	1142
22160	1336	1125
22160	1215	1214
22160	1125	1105
22180	1040	1199
22180	1177	1191
22180	1177	1103
22180	1053	1208
22180	1056	1092
22180	1061	1336
22180	1061	1125
22180	1191	1208
22180	1090	1126
22180	1125	1105
22180	1063	1138
22200	1040	1114
22200	1171	1214
22200	1177	1191
22200	1177	1103
22200	1180	1125
22200	1061	1080
22200	1061	1125
22200	1191	1208
22200	1125	1105
22200	1063	1138
22220	1040	1114
22220	1040	1199
22220	1171	1214
22220	1177	1103
22220	1177	1191
22220	1180	1125
22220	1063	1138
22220	1056	1092
22220	1191	1103
22220	1193	1358
22220	1090	1126
22220	1105	1125
22240	1191	1177
22240	1171	1214
22240	1177	1103
22240	1063	1138
22240	1193	1358
22240	1075	1142
22240	1337	1179
22240	1089	1142
22240	1061	1125
22260	1040	1133
22260	1040	1199
22260	1171	1138
22260	1177	1103
22260	1063	1358
22260	1105	1125
22260	1191	1208
22260	1191	1103
22260	1073	1061
22260	1075	1142
22260	1080	1107
22260	1089	1142
22260	1358	1193
22260	1336	1125
22280	1155	1135
22280	1040	1114
22280	1040	1199
22280	1171	1336
22280	1171	1138
22280	1177	1103
22280	1177	1191
22280	1075	1142
22280	1191	1103
22280	1089	1142
22280	1125	1105
22300	1152	1180
22300	1040	1199
22300	1171	1138
22300	1177	1103
22300	1177	1191
22300	1180	1125
22300	1191	1103
22300	1075	1142
22300	1358	1193
22300	1125	1105
22320	1152	1089
22320	1191	1177
22320	1155	1135
22320	1177	1208
22320	1177	1103
22320	1180	1125
22320	1063	1336
22320	1193	1358
22320	1090	1126
22320	1125	1105
22340	1152	1089
22340	1164	1075
22340	1040	1114
22340	1177	1208
22340	1177	1191
22340	1177	1103
22340	1191	1208
22340	1191	1103
22340	1075	1142
22360	1191	1208
22360	1191	1177
22360	1191	1103
22360	1164	1075
22360	1164	1142
22360	1040	1114
22360	1040	1199
22360	1177	1103
22360	1179	1337
22360	1179	1125
22360	1056	1092
22360	1063	1138
22360	1193	1358
22360	1075	1142
22360	1090	1126
22360	1125	1105
22380	1152	1089
22380	1164	1075
22380	1040	1199
22380	1177	1103
22380	1179	1337
22380	1191	1208
22380	1191	1103
22380	1193	1117
22380	1193	1358
22380	1090	1126
22380	1358	1117
22400	1152	1089
22400	1177	1103
22400	1075	1142
22400	1358	1117
22400	1125	1105
22420	1152	1089
22420	1177	1103
22420	1177	1191
22420	1191	1208
22420	1191	1103
22420	1075	1142
22420	1125	1105
22440	1152	1089
22440	1152	1142
22440	1177	1191
22440	1179	1337
22440	1063	1336
22440	1189	1105
22440	1193	1358
22440	1075	1142
22440	1090	1065
22440	1125	1105
22460	1152	1089
22460	1177	1191
22460	1189	1105
22460	1191	1208
22460	1075	1142
22460	1336	1063
22460	1125	1105
22480	1189	1105
22480	1073	1360
22480	1075	1142
22480	1080	1337
22480	1080	1107
22480	1208	1191
22500	1152	1337
22500	1063	1138
22500	1189	1125
22500	1191	1208
22500	1198	1146
22500	1073	1360
22500	1075	1089
22500	1075	1142
22500	1080	1337
22520	1171	1138
22520	1189	1105
22520	1073	1360
22520	1075	1089
22520	1075	1142
22520	1080	1107
22520	1089	1142
22520	1063	1138
22540	1171	1138
22540	1073	1360
22540	1075	1142
22560	1152	1337
22560	1171	1138
22560	1189	1105
22560	1189	1125
22560	1073	1360
22560	1075	1142
22560	1336	1063
22580	1171	1138
22580	1073	1360
22580	1080	1107
22600	1152	1337
22600	1171	1138
22600	1063	1336
22600	1073	1360
22620	1171	1138
22620	1189	1105
22620	1189	1125
22620	1063	1336
22620	1105	1125
22640	1152	1337
22640	1171	1138
22640	1063	1336
22640	1080	1107
22660	1152	1337
22660	1156	1198
22660	1171	1360
22660	1171	1138
22660	1189	1125
22660	1063	1336
22660	1080	1107
22680	1152	1337
22680	1171	1360
22680	1171	1138
22680	1189	1125
22680	1063	1336
22680	1360	1138
22700	1171	1360
22700	1171	1138
22700	1189	1125
22700	1063	1336
22700	1360	1138
22720	1152	1337
22720	1171	1138
22720	1063	1336
22720	1360	1138
22740	1152	1337
22740	1171	1360
22740	1063	1336
22740	1198	1146
22740	1360	1138
22760	1171	1360
22760	1063	1336
22760	1080	1107
22760	1090	1126
22760	1360	1138
22780	1171	1360
22780	1360	1138
22800	1155	1092
22800	1063	1336
22800	1212	1125
22820	1063	1336
22820	1212	1125
22840	1171	1138
22840	1063	1336
22840	1063	1075
22840	1127	1146
22860	1152	1337
22860	1152	1107
22860	1171	1075
22860	1063	1336
22860	1127	1146
22880	1152	1337
22880	1063	1336
22900	1063	1336
22900	1212	1125
22920	1171	1138
22920	1063	1336
22920	1335	1135
22920	1212	1125
22940	1152	1089
22940	1171	1138
22940	1212	1125
22940	1127	1146
22960	1152	1089
22960	1171	1138
22960	1063	1336
22980	1152	1089
22980	1127	1146
23000	1047	1093
23020	1152	1089
23020	1075	1358
23020	1335	1135
23040	1152	1089
23060	1152	1089
23060	1047	1093
23060	1198	1146
23080	1152	1089
23080	1171	1336
23080	1171	1138
23080	1335	1135
23080	1336	1138
23100	1152	1089
23100	1171	1138
23100	1067	1228
23120	1152	1089
23120	1171	1138
23120	1090	1127
23140	1152	1089
23140	1335	1135
23160	1152	1089
23180	1152	1089
23180	1090	1126
23200	1152	1089
23200	1210	1089
23220	1152	1089
23220	1067	1228
23240	1152	1089
23240	1067	1228
23260	1152	1089
23260	1171	1336
23280	1171	1336
23300	1152	1089
23320	1152	1089
23340	1152	1089
23360	1152	1089
23360	1156	1075
23380	1152	1089
23380	1156	1164
23380	1080	1107
23380	1127	1146
23400	1127	1146
23420	1152	1089
23420	1155	1335
23420	1156	1164
23420	1187	1088
23440	1152	1089
23440	1155	1335
23460	1152	1089
23460	1155	1135
23480	1152	1089
23480	1155	1335
23480	1212	1125
23500	1336	1337
23500	1127	1146
23520	1073	1117
23540	1152	1089
23540	1199	1228
23560	1199	1228
23560	1336	1337
23560	1228	1360
23580	1199	1360
23600	1152	1089
23620	1152	1089
23620	1067	1359
23640	1152	1080
23640	1187	1088
23660	1152	1080
23660	1187	1088
23660	1073	1117
23680	1152	1080
23680	1040	1053
23680	1199	1138
23700	1152	1080
23700	1088	1187
23700	1089	1142
23720	1152	1080
23720	1187	1088
23720	1090	1126
23720	1228	1142
23720	1127	1146
23740	1067	1082
23760	1152	1080
23760	1067	1090
23760	1336	1138
23760	1127	1146
23780	1187	1088
23780	1082	1142
23800	1152	1089
23800	1152	1228
23800	1187	1088
23800	1187	1051
23800	1089	1228
23820	1152	1228
23820	1082	1359
23840	1152	1228
23840	1088	1092
23840	1089	1228
23840	1336	1138
23860	1089	1228
23880	1152	1228
23880	1155	1135
23880	1040	1067
23880	1040	1092
23880	1080	1336
23880	1089	1228
23900	1152	1228
23900	1155	1229
23900	1155	1135
23900	1040	1092
23900	1089	1228
23900	1090	1126
23920	1152	1228
23920	1067	1082
23920	1088	1090
23920	1089	1228
23920	1090	1126
23940	1152	1089
23940	1152	1228
23940	1040	1360
23940	1040	1092
23940	1089	1228
23940	1127	1146
23960	1152	1228
23960	1092	1080
23960	1127	1146
23980	1152	1228
23980	1067	1138
23980	1212	1125
23980	1089	1228
24000	1067	1138
24000	1073	1117
24000	1127	1146
24020	1051	1073
24020	1089	1228
24020	1127	1146
24040	1152	1228
24040	1080	1149
24060	1155	1335
24060	1080	1149
24060	1212	1125
24080	1152	1228
24080	1187	1334
24080	1073	1138
24080	1089	1228
24080	1127	1146
24100	1152	1228
24100	1155	1117
24100	1155	1149
24100	1040	1360
24100	1073	1138
24120	1152	1228
24120	1212	1125
24120	1089	1228
24120	1127	1146
24140	1152	1228
24140	1155	1135
24140	1067	1334
24140	1067	1359
24140	1335	1135
24140	1212	1125
24140	1127	1146
24160	1155	1117
24160	1067	1334
24160	1073	1138
24160	1335	1135
24160	1212	1125
24160	1127	1146
24180	1073	1138
24180	1212	1125
24180	1127	1146
24220	1040	1067
24220	1090	1125
24220	1117	1138
24240	1040	1114
24240	1073	1138
24240	1082	1125
24240	1089	1228
24240	1117	1125
24260	1040	1114
24260	1199	1082
24260	1073	1138
24260	1089	1228
24280	1040	1114
24280	1199	1082
24280	1334	1359
24280	1089	1228
24300	1040	1114
24300	1199	1082
24320	1155	1135
24320	1040	1334
24340	1089	1228
24360	1199	1082
24360	1089	1228
24380	1199	1082
24420	1199	1082
24420	1334	1360
24420	1088	1138
24420	1090	1131
24420	1113	1104
24440	1088	1138
24440	1089	1228
24440	1334	1360
24460	1088	1138
24460	1334	1360
24480	1187	1113
24480	1088	1138
24480	1229	1113
24500	1187	1229
24520	1175	1107
24520	1088	1138
24520	1089	1228
24520	1360	1138
24540	1067	1082
24540	1088	1138
24560	1187	1113
24560	1089	1228
24580	1088	1104
24600	1067	1082
24600	1067	1359
24620	1082	1359
24640	1164	1104
24640	1164	1138
24640	1104	1138
24660	1067	1359
24680	1156	1109
24680	1053	1103
24680	1337	1179
24680	1089	1228
24700	1156	1109
24700	1067	1080
24700	1067	1082
24700	1080	1359
24700	1089	1228
24720	1156	1109
24720	1156	1214
24720	1175	1103
24720	1067	1082
24720	1341	1210
24720	1214	1109
24720	1089	1228
24740	1156	1214
24740	1067	1082
24740	1082	1359
24740	1089	1228
24760	1067	1082
24760	1089	1228
24780	1067	1082
24780	1089	1228
24800	1067	1082
24800	1082	1359
24800	1089	1228
24820	1056	1107
24820	1191	1208
24820	1067	1082
24820	1082	1359
24820	1089	1228
24840	1191	1208
24840	1089	1228
24860	1179	1337
24860	1191	1208
24860	1089	1228
24880	1179	1337
24880	1089	1228
24900	1191	1208
24900	1089	1228
24920	1067	1080
24920	1067	1082
24920	1335	1051
24920	1080	1082
24920	1090	1126
24960	1171	1086
24960	1198	1126
24960	1086	1138
24960	1086	1125
24980	1051	1335
24980	1198	1126
24980	1104	1125
25000	1171	1138
25000	1198	1126
25020	1171	1138
25020	1067	1080
25020	1080	1082
25040	1191	1227
25040	1067	1080
25060	1162	1080
25060	1162	1067
25060	1180	1149
25060	1191	1208
25060	1067	1080
25060	1080	1138
25080	1162	1080
25080	1162	1082
25080	1171	1138
25080	1080	1067
25080	1080	1138
25080	1177	1208
25080	1177	1104
25080	1191	1104
25080	1191	1193
25100	1162	1080
25100	1187	1088
25100	1067	1080
25100	1090	1126
25120	1104	1191
25120	1162	1080
25120	1187	1088
25120	1067	1080
25140	1191	1208
25140	1191	1227
25140	1080	1359
25140	1227	1104
25160	1067	1080
25160	1080	1082
25160	1227	1104
25180	1177	1208
25180	1191	1208
25180	1227	1143
25180	1133	1138
25200	1133	1138
25220	1067	1082
25220	1082	1359
25240	1155	1135
25240	1067	1082
25260	1067	1082
25260	1336	1125
25280	1336	1125
25300	1158	1080
25300	1336	1125
25300	1090	1126
25320	1158	1080
25320	1171	1189
25320	1090	1126
25340	1155	1135
25340	1158	1080
25340	1067	1082
25340	1067	1359
25340	1336	1125
25360	1155	1135
25360	1067	1082
25360	1080	1337
25360	1336	1125
25380	1155	1135
25380	1158	1080
25380	1040	1138
25380	1187	1336
25380	1189	1125
25380	1067	1082
25380	1080	1337
25380	1336	1113
25400	1155	1135
25400	1040	1138
25400	1067	1082
25400	1336	1187
25420	1155	1135
25420	1158	1080
25420	1040	1138
25420	1175	1187
25420	1189	1336
25420	1189	1125
25420	1067	1082
25440	1155	1135
25440	1158	1080
25440	1175	1187
25440	1189	1125
25460	1040	1138
25460	1189	1125
25460	1080	1337
25460	1227	1136
25480	1155	1135
25480	1189	1125
25500	1189	1125
25500	1080	1337
25520	1155	1135
25540	1155	1135
25600	1080	1337
25620	1051	1335
25640	1067	1082
25660	1067	1082
25680	1067	1082
25700	1067	1082
25720	1067	1082
25740	1067	1082
25760	1067	1082
25820	1067	1199
25940	1080	1337
26060	1067	1082
26100	1187	1104
26100	1199	1138
26100	1080	1337
26120	1199	1138
26120	1080	1337
26120	1341	1213
26140	1199	1138
26140	1080	1337
26140	1341	1213
26160	1080	1337
26180	1158	1040
26200	1158	1040
26200	1199	1138
26220	1158	1040
26240	1158	1040
26260	1158	1040
26260	1067	1082
26280	1158	1040
26300	1158	1040
26300	1067	1082
26320	1158	1040
26320	1067	1082
26340	1158	1040
26340	1067	1082
26360	1158	1040
26360	1067	1082
26380	1158	1040
26380	1067	1082
26400	1158	1040
26400	1158	1138
26420	1158	1040
26440	1158	1040
26440	1162	1067
26460	1067	1082
26480	1158	1040
26480	1162	1067
26500	1133	1138
26520	1067	1082
26540	1133	1138
26560	1133	1138
26640	1067	1082
26660	1067	1082
26680	1162	1039
26740	1067	1082
26760	1033	1201
26760	1033	1067
26760	1162	1039
26760	1067	1082
26780	1162	1039
26780	1067	1082
26820	1189	1142
26840	1067	1082
26860	1067	1082
26880	1033	1201
26880	1067	1082
26900	1067	1082
26920	1067	1082
26940	1067	1082
26960	1067	1082
26980	1039	1179
26980	1067	1082
27000	1162	1039
27000	1067	1082
27020	1067	1082
27040	1158	1199
27040	1067	1082
27060	1067	1082
27080	1033	1201
27080	1067	1082
27080	1189	1125
27100	1067	1082
27120	1067	1082
27140	1067	1082
27160	1067	1082
27180	1067	1082
27200	1067	1082
27220	1067	1082
27240	1067	1082
27260	1171	1228
27260	1067	1082
27320	1033	1201
27320	1198	1126
27320	1125	1143
27340	1198	1126
27360	1198	1126
27380	1033	1201
27380	1191	1208
27380	1198	1126
27380	1090	1126
27440	1105	1146
27460	1033	1201
27460	1105	1146
27480	1033	1201
27480	1090	1126
27480	1105	1146
27500	1033	1201
27500	1040	1138
27500	1105	1146
27520	1040	1138
27520	1105	1146
27540	1040	1138
27540	1090	1126
27560	1033	1201
27560	1040	1138
27560	1067	1082
27580	1040	1138
27600	1033	1201
27600	1040	1138
27600	1067	1082
27620	1040	1138
27620	1067	1082
27640	1040	1138
27640	1067	1082
27660	1040	1138
27660	1067	1082
27680	1040	1138
27680	1067	1082
27700	1033	1201
27700	1040	1138
27720	1040	1138
27720	1067	1082
27740	1033	1201
27740	1040	1138
27740	1067	1082
27740	1088	1187
27760	1040	1138
27760	1067	1082
27760	1199	1133
27780	1040	1138
27780	1067	1082
27780	1199	1133
27800	1040	1138
27800	1090	1126
27820	1033	1201
27820	1040	1138
27820	1090	1126
27840	1033	1201
27840	1067	1082
27860	1067	1082
27880	1067	1082
27900	1067	1082
27920	1067	1082
27980	1198	1126
28000	1189	1125
28000	1336	1125
28020	1189	1125
28040	1162	1039
28040	1189	1125
28040	1067	1082
28040	1336	1125
28060	1067	1082
28100	1067	1082
28120	1156	1117
28120	1189	1125
28120	1067	1082
28140	1189	1125
28140	1067	1082
28160	1162	1039
28160	1189	1125
28160	1067	1082
28180	1162	1039
28180	1189	1336
28180	1189	1125
28180	1067	1082
28180	1336	1125
28200	1189	1336
28200	1189	1125
28200	1336	1125
28220	1189	1336
28220	1133	1138
28240	1189	1336
28240	1133	1138
28260	1189	1336
28280	1162	1039
28280	1189	1336
28280	1189	1125
28280	1336	1125
28300	1162	1039
28300	1189	1336
28320	1162	1039
28320	1189	1336
28320	1189	1125
28320	1067	1082
28320	1336	1125
28340	1189	1125
28340	1067	1082
28340	1336	1125
28360	1189	1125
28360	1336	1125
28380	1189	1336
28380	1189	1125
28380	1336	1125
28400	1162	1039
28400	1189	1125
28420	1067	1082
28420	1208	1191
28440	1191	1208
28440	1067	1082
28460	1162	1039
28460	1189	1125
28460	1067	1082
28480	1162	1039
28480	1189	1125
28480	1067	1082
28480	1336	1125
28500	1162	1039
28500	1189	1336
28500	1336	1125
28520	1189	1125
28520	1067	1082
28520	1336	1125
28560	1337	1125
28560	1336	1138
28580	1189	1125
28580	1336	1138
28580	1089	1228
28600	1336	1138
28720	1133	1138
28740	1133	1138
28760	1133	1138
28780	1158	1040
28780	1133	1138
28800	1133	1138
28820	1133	1138
28840	1189	1125
28840	1080	1125
28840	1133	1138
28860	1080	1125
28860	1337	1125
28860	1133	1138
28880	1189	1080
28880	1133	1138
28900	1047	1104
28900	1080	1125
28900	1133	1138
28920	1189	1125
28920	1080	1337
28920	1080	1125
28920	1133	1138
28940	1334	1133
28940	1133	1138
28960	1189	1125
28960	1066	1067
28960	1199	1133
28960	1334	1138
28960	1080	1337
28960	1133	1138
28980	1177	1149
28980	1191	1208
28980	1334	1138
28980	1080	1337
28980	1133	1138
29000	1033	1104
29000	1177	1149
29000	1191	1208
29000	1334	1138
29000	1080	1337
29000	1133	1138
29020	1033	1104
29020	1056	1107
29020	1334	1138
29020	1133	1138
29060	1199	1133
29060	1334	1138
29060	1133	1138
29080	1067	1082
29080	1334	1138
29080	1133	1138
29100	1334	1138
29100	1133	1138
29120	1133	1138
29140	1189	1125
29140	1067	1082
29140	1133	1138
29160	1133	1138
29180	1334	1138
29180	1133	1138
29200	1067	1082
29200	1133	1138
29220	1107	1149
29220	1133	1138
29240	1199	1133
29240	1080	1337
29240	1133	1138
29260	1199	1133
29260	1334	1138
29260	1080	1337
29280	1199	1133
29280	1080	1337
29300	1199	1133
29300	1080	1337
29320	1040	1138
29320	1040	1334
29320	1334	1138
29320	1177	1082
29320	1199	1133
29340	1067	1082
29340	1199	1133
29340	1107	1149
29360	1199	1133
29360	1107	1149
29380	1199	1133
29400	1189	1334
29400	1199	1133
29420	1040	1138
29420	1199	1133
29420	1334	1133
29440	1040	1138
29460	1040	1138
29460	1334	1133
29480	1162	1039
29480	1040	1138
29480	1334	1133
29500	1162	1039
29500	1040	1138
29500	1334	1133
29520	1162	1039
29520	1040	1138
29520	1334	1133
29540	1040	1138
29540	1334	1133
29560	1040	1138
29580	1040	1138
29580	1199	1334
29600	1040	1138
29620	1040	1138
29640	1040	1138
29640	1334	1133
29640	1105	1146
29660	1040	1138
29660	1040	1133
29660	1171	1359
29660	1334	1133
29660	1105	1146
29680	1040	1138
29680	1067	1082
29680	1334	1133
29700	1067	1082
29700	1334	1133
29720	1334	1133
29720	1189	1133
29740	1162	1335
29740	1189	1133
29740	1067	1082
29740	1080	1104
29760	1080	1104
29760	1189	1133
29760	1067	1082
29780	1162	1335
29780	1189	1133
29780	1080	1104
29800	1040	1334
29800	1189	1133
29800	1067	1082
29800	1080	1104
29820	1162	1335
29820	1171	1228
29820	1067	1082
29820	1080	1104
29840	1162	1335
29860	1162	1335
29860	1334	1082
29860	1080	1104
29880	1162	1335
29880	1040	1138
29880	1067	1082
29880	1080	1104
29900	1040	1138
29900	1067	1082
29900	1105	1146
29920	1189	1133
29920	1067	1082
29920	1105	1146
29940	1067	1082
29940	1105	1146
29960	1189	1133
29960	1105	1146
29980	1082	1086
29980	1105	1146
30000	1158	1133
30000	1067	1082
30000	1105	1146
30020	1104	1080
30020	1105	1146
30040	1158	1133
30040	1189	1133
30040	1105	1146
30060	1105	1146
30080	1040	1189
30100	1080	1104
30120	1158	1040
30120	1214	1359
30140	1152	1075
30140	1156	1228
30140	1177	1114
30140	1215	1228
30140	1089	1228
30140	1228	1086
30140	1358	1142
30140	1360	1114
30160	1152	1073
30160	1156	1162
30160	1156	1228
30160	1040	1359
30160	1073	1075
30160	1214	1065
30160	1089	1228
30160	1228	1086
30160	1360	1114
30180	1152	1073
30180	1156	1162
30180	1104	1080
30180	1214	1073
30180	1228	1138
30200	1156	1162
30200	1158	1040
30200	1193	1227
30200	1198	1126
30200	1073	1360
30200	1073	1114
30200	1080	1104
30200	1227	1138
30200	1109	1142
30220	1156	1162
30220	1193	1227
30220	1198	1126
30220	1080	1104
30220	1092	1138
30220	1109	1142
30240	1360	1073
30240	1198	1126
30240	1080	1104
30240	1109	1142
30260	1179	1214
30260	1198	1126
30260	1080	1104
30260	1109	1142
30280	1156	1162
30280	1051	1335
30280	1073	1360
30280	1198	1126
30280	1334	1082
30280	1080	1104
30280	1214	1179
30280	1109	1142
30300	1104	1080
30300	1162	1039
30300	1179	1214
30300	1193	1227
30300	1198	1126
30300	1214	1073
30300	1109	1142
30320	1152	1158
30320	1162	1039
30320	1039	1198
30320	1179	1214
30320	1198	1126
30320	1080	1104
30320	1214	1073
30320	1109	1142
30340	1156	1039
30340	1104	1080
30340	1180	1200
30340	1189	1133
30340	1334	1082
30340	1227	1228
30340	1109	1142
30360	1152	1040
30360	1156	1039
30360	1162	1039
30360	1189	1133
30360	1075	1117
30360	1334	1082
30360	1080	1104
30380	1171	1193
30380	1189	1107
30380	1189	1133
30380	1075	1117
30380	1334	1082
30380	1080	1104
30380	1107	1133
30400	1171	1193
30400	1189	1133
30400	1193	1227
30400	1334	1082
30420	1189	1133
30420	1193	1227
30420	1334	1082
30440	1198	1146
30440	1334	1082
30440	1228	1125
30460	1171	1198
30460	1125	1126
30480	1171	1125
30480	1189	1133
30480	1125	1105
30500	1360	1073
30500	1189	1125
30500	1198	1146
30500	1198	1126
30500	1125	1133
30520	1189	1125
30520	1198	1146
30520	1198	1126
30520	1336	1228
30540	1198	1146
30540	1198	1126
30540	1336	1125
30560	1039	1090
30560	1180	1149
30560	1198	1126
30560	1335	1149
30560	1336	1125
30560	1336	1149
30560	1336	1117
30600	1080	1125
30600	1337	1125
30600	1336	1117
30600	1090	1114
30620	1198	1146
30620	1080	1125
30620	1337	1125
30620	1336	1117
30640	1171	1105
30640	1189	1133
30640	1198	1126
30640	1336	1117
30660	1193	1227
30660	1228	1082
30680	1189	1133
30680	1073	1360
30680	1336	1117
30680	1179	1146
30700	1152	1089
30700	1198	1127
30720	1198	1146
30720	1198	1127
30720	1088	1113
30720	1126	1146
30740	1175	1191
30740	1187	1191
30740	1189	1133
30740	1191	1208
30740	1214	1065
30760	1154	1191
30760	1171	1210
30760	1191	1208
30760	1065	1214
30760	1126	1146
30780	1155	1135
30780	1175	1187
30780	1179	1149
30780	1191	1208
30780	1214	1065
30780	1125	1105
30780	1126	1146
30800	1175	1187
30800	1181	1149
30800	1065	1214
30800	1179	1149
30800	1125	1105
30820	1175	1187
30820	1040	1171
30820	1214	1065
30820	1208	1191
30820	1179	1149
30820	1126	1146
30820	1210	1149
30840	1155	1131
30840	1158	1040
30840	1047	1075
30840	1179	1149
30840	1191	1103
30840	1065	1360
30860	1075	1104
30860	1210	1149
30860	1191	1103
30860	1214	1103
30860	1127	1146
30880	1152	1180
30880	1191	1103
30880	1103	1214
30900	1206	1088
30900	1103	1191
30900	1126	1146
30920	1152	1180
30920	1156	1162
30920	1171	1125
30920	1073	1135
30920	1103	1191
30920	1126	1146
30920	1126	1127
30920	1127	1146
30920	1191	1214
30940	1191	1214
30940	1191	1103
30940	1105	1125
30940	1126	1146
30940	1127	1146
30960	1179	1210
30960	1198	1229
30960	1198	1126
30960	1103	1191
30980	1152	1180
30980	1156	1162
30980	1198	1146
30980	1073	1179
30980	1214	1191
30980	1103	1191
31000	1158	1040
31000	1073	1126
31000	1210	1179
31000	1229	1360
31000	1103	1214
31000	1103	1191
31000	1191	1214
31020	1156	1162
31020	1073	1126
31020	1103	1191
31040	1156	1162
31040	1158	1040
31040	1360	1073
31040	1067	1133
31040	1073	1126
31040	1103	1191
31060	1152	1073
31060	1156	1162
31060	1067	1133
31060	1073	1360
31060	1103	1191
31080	1152	1180
31080	1156	1162
31080	1073	1360
31080	1103	1191
31100	1073	1360
31100	1073	1214
31100	1210	1179
31100	1210	1149
31120	1152	1180
31120	1179	1210
31120	1080	1336
31120	1214	1073
31120	1210	1149
31140	1156	1162
31140	1360	1073
31140	1214	1073
31180	1152	1180
31180	1152	1086
31180	1073	1214
31180	1080	1336
31180	1227	1193
31200	1033	1201
31200	1189	1133
31220	1131	1063
31220	1138	1210
31220	1214	1073
31240	1152	1180
31240	1191	1208
31240	1210	1138
31240	1073	1214
31260	1152	1180
31260	1201	1228
31260	1228	1142
31260	1208	1191
31260	1214	1073
31280	1073	1214
31280	1336	1080
31280	1090	1142
31280	1090	1135
31300	1039	1228
31300	1360	1214
31300	1189	1133
31300	1214	1073
31320	1214	1360
31340	1155	1135
31340	1033	1201
31340	1033	1210
31340	1073	1360
31340	1198	1126
31340	1214	1360
31360	1156	1162
31360	1033	1201
31360	1198	1126
31360	1201	1210
31360	1206	1088
31360	1214	1360
31380	1033	1210
31380	1198	1126
31380	1206	1107
31380	1214	1073
31400	1155	1135
31400	1033	1210
31400	1201	1210
31420	1033	1206
31420	1168	1359
31420	1187	1088
31420	1198	1126
31440	1360	1073
31440	1360	1214
31440	1201	1210
31440	1073	1214
31460	1033	1210
31460	1201	1210
31460	1199	1133
31460	1073	1214
31460	1336	1117
31480	1033	1210
31480	1168	1359
31480	1189	1334
31480	1073	1360
31480	1073	1214
31480	1201	1210
31480	1336	1117
31500	1175	1088
31520	1033	1210
31520	1175	1187
31520	1201	1210
31520	1198	1126
31520	1073	1360
31520	1073	1214
31520	1103	1191
31540	1033	1210
31540	1168	1206
31540	1175	1187
31540	1191	1103
31540	1214	1360
31540	1360	1073
31560	1033	1210
31560	1171	1105
31560	1168	1138
31560	1168	1206
31560	1080	1117
31560	1214	1360
31560	1214	1073
31560	1103	1191
31560	1360	1073
31580	1033	1210
31580	1191	1103
31600	1156	1162
31600	1033	1210
31600	1177	1215
31600	1073	1360
31600	1073	1214
31600	1210	1201
31620	1156	1162
31620	1033	1210
31620	1175	1088
31620	1065	1089
31620	1191	1103
31620	1210	1201
31640	1156	1162
31640	1033	1210
31640	1175	1088
31640	1175	1187
31640	1187	1088
31640	1065	1089
31640	1201	1210
31640	1206	1131
31660	1175	1187
31660	1189	1146
31660	1189	1133
31660	1334	1146
31660	1127	1126
31660	1088	1113
31660	1336	1117
31660	1103	1191
31660	1142	1146
31680	1164	1198
31680	1175	1229
31680	1168	1138
31700	1033	1210
31700	1175	1088
31700	1175	1229
31700	1065	1089
31700	1201	1210
31700	1088	1113
31720	1033	1210
31720	1175	1088
31720	1179	1073
31720	1067	1131
31720	1073	1146
31720	1075	1142
31720	1088	1113
31720	1089	1065
31740	1033	1210
31740	1179	1073
31740	1187	1229
31740	1065	1089
31740	1067	1359
31760	1168	1138
31760	1201	1210
31780	1033	1210
31780	1065	1089
31780	1088	1113
31780	1227	1193
31780	1168	1138
31780	1126	1127
31800	1033	1210
31800	1164	1146
31800	1168	1138
31800	1180	1208
31800	1053	1191
31800	1067	1359
31800	1198	1146
31800	1201	1210
31800	1126	1127
31820	1033	1210
31820	1168	1138
31820	1193	1227
31820	1088	1113
31820	1126	1127
31840	1033	1201
31840	1033	1073
31840	1168	1138
31840	1067	1082
31840	1198	1146
31840	1201	1210
31840	1088	1113
31860	1033	1210
31860	1175	1088
31860	1179	1073
31860	1067	1106
31860	1200	1086
31860	1088	1113
31880	1033	1210
31880	1175	1088
31880	1168	1138
31880	1088	1113
31880	1201	1210
31900	1033	1201
31900	1033	1210
31900	1168	1138
31900	1360	1133
31900	1193	1227
31920	1033	1201
31920	1168	1138
31920	1053	1103
31920	1103	1214
31940	1189	1133
31940	1168	1138
31960	1033	1073
31960	1033	1210
31960	1193	1227
31980	1033	1210
31980	1168	1138
31980	1177	1142
31980	1201	1210
32000	1033	1201
32000	1033	1210
32000	1164	1198
32000	1168	1138
32000	1187	1088
32000	1189	1133
32000	1065	1089
32020	1164	1073
32020	1187	1088
32020	1189	1133
32020	1168	1138
32040	1033	1210
32040	1164	1073
32040	1189	1334
32040	1334	1133
32040	1088	1113
32040	1210	1201
32040	1168	1138
32060	1033	1210
32060	1164	1073
32060	1189	1133
32060	1189	1334
32060	1201	1210
32060	1334	1133
32060	1168	1138
32080	1164	1073
32100	1164	1073
32100	1189	1133
32100	1334	1133
32120	1033	1201
32120	1033	1210
32120	1189	1133
32120	1198	1090
32120	1334	1133
32120	1103	1214
32120	1210	1201
32140	1033	1201
32140	1164	1073
32140	1193	1227
32140	1198	1090
32140	1334	1133
32140	1214	1103
32160	1164	1073
32180	1334	1189
32180	1033	1201
32180	1164	1073
32180	1189	1133
32200	1164	1073
32220	1164	1073
32220	1189	1133
32220	1334	1133
32240	1033	1210
32240	1168	1138
32240	1189	1133
32240	1189	1334
32240	1334	1133
32240	1214	1103
32280	1189	1133
32300	1033	1201
32300	1214	1103
32320	1073	1144
32320	1168	1138
32340	1189	1334
32360	1033	1201
32360	1189	1133
32360	1191	1109
32360	1073	1144
32380	1189	1133
32380	1189	1334
32400	1033	1201
32400	1189	1133
32400	1189	1334
32420	1189	1133
32420	1189	1334
32420	1067	1082
32440	1168	1138
32440	1189	1334
32440	1067	1082
32460	1067	1082
32480	1168	1073
32480	1189	1133
32480	1334	1133
32480	1073	1133
32500	1334	1189
32500	1158	1040
32500	1164	1336
32500	1073	1168
32520	1334	1133
32520	1334	1189
32520	1158	1040
32520	1164	1336
32520	1189	1133
32520	1227	1193
32540	1164	1336
32540	1179	1206
32540	1189	1133
32540	1193	1227
32540	1334	1133
32560	1168	1073
32560	1189	1133
32580	1168	1073
32580	1189	1133
32580	1189	1334
32600	1179	1206
32620	1168	1073
32640	1189	1334
32660	1168	1073
32680	1168	1073
32700	1334	1133
32720	1138	1206
32760	1334	1133
32760	1189	1133
32780	1033	1201
32780	1189	1133
32780	1334	1133
32800	1189	1133
32820	1189	1133
32880	1334	1359
32980	1033	1201
33140	1033	1201
33140	1162	1360
33140	1189	1133
33140	1336	1138
33180	1158	1040
33180	1033	1201
33200	1033	1201
33220	1158	1040
33220	1033	1201
33220	1336	1138
33240	1158	1040
33240	1033	1201
33240	1336	1138
33260	1033	1201
33260	1171	1105
33260	1336	1138
33280	1033	1201
33280	1189	1133
33280	1336	1138
33300	1033	1201
33300	1336	1138
33320	1158	1040
33320	1033	1201
33320	1067	1082
33340	1033	1201
33340	1336	1138
33360	1033	1201
33360	1336	1138
33380	1033	1201
33380	1336	1138
33400	1033	1201
33400	1336	1138
33420	1033	1201
33420	1336	1138
33440	1175	1104
33440	1039	1138
33440	1336	1138
33480	1158	1040
33500	1080	1336
33580	1334	1359
33600	1164	1336
33600	1164	1080
33600	1080	1336
33620	1164	1336
33620	1164	1080
33620	1080	1336
33640	1164	1080
33640	1080	1336
33660	1080	1336
33680	1334	1359
33700	1067	1082
33700	1336	1138
33720	1033	1201
33720	1336	1138
33740	1336	1138
33760	1164	1179
33760	1336	1138
33780	1336	1138
33800	1336	1138
33820	1033	1201
33820	1336	1138
33840	1033	1201
33840	1336	1138
33860	1033	1201
33860	1189	1133
33860	1336	1138
33880	1189	1133
33880	1336	1138
33900	1189	1133
33900	1336	1138
33920	1336	1138
33940	1336	1138
33960	1336	1138
33980	1082	1065
33980	1336	1138
34000	1336	1138
34020	1336	1138
34040	1179	1212
34040	1189	1133
34060	1189	1133
34060	1336	1138
34080	1336	1138
34120	1179	1212
34120	1336	1227
34120	1336	1206
34140	1179	1212
34160	1179	1212
34160	1336	1227
34180	1179	1212
34200	1179	1212
34200	1336	1138
34220	1179	1212
34240	1179	1212
34240	1082	1065
34260	1082	1065
34280	1065	1082
34280	1227	1206
34300	1175	1149
34300	1065	1082
34340	1189	1133
34360	1189	1133
34380	1189	1133
34400	1189	1133
34500	1040	1133
34520	1189	1133
34600	1191	1103
34600	1080	1227
34640	1080	1227
34660	1080	1227
34680	1080	1227
34720	1080	1227
34760	1080	1227
34780	1080	1227
34800	1162	1086
34800	1080	1227
34860	1227	1080
34920	1080	1227
35080	1191	1103
35120	1180	1212
35120	1228	1206
35160	1359	1084
35180	1359	1084
35240	1171	1067
35240	1227	1360
35240	1359	1115
35260	1171	1067
35260	1175	1187
35260	1080	1360
35260	1080	1227
35280	1175	1187
35280	1334	1359
35280	1104	1206
35300	1033	1201
35300	1026	1359
35300	1175	1187
35320	1026	1359
35340	1177	1142
35340	1189	1133
35340	1227	1360
35340	1227	1080
35360	1334	1359
35360	1080	1227
35360	1227	1360
35400	1033	1201
35400	1227	1360
35440	1033	1201
35440	1080	1227
35460	1080	1227
35500	1227	1360
35520	1227	1360
35580	1334	1359
35600	1199	1133
35620	1199	1133
35640	1199	1133
35640	1206	1104
35660	1199	1133
35800	1334	1359
35920	1067	1082
35940	1067	1082
35940	1334	1359
35960	1067	1082
35960	1334	1138
35960	1334	1359
36040	1067	1082
36060	1040	1117
36060	1180	1089
36060	1180	1090
36060	1193	1086
36060	1334	1080
36060	1334	1337
36060	1093	1065
36080	1156	1180
36080	1191	1103
36080	1334	1080
36080	1334	1337
36100	1156	1090
36100	1156	1171
36100	1040	1208
36100	1067	1082
36100	1334	1080
36120	1191	1089
36140	1171	1105
36140	1065	1089
36140	1208	1142
36140	1133	1138
36160	1156	1162
36160	1156	1171
36160	1171	1105
36160	1171	1090
36160	1334	1359
36160	1090	1105
36160	1090	1106
36160	1090	1126
36160	1208	1142
36180	1156	1162
36180	1171	1105
36180	1208	1142
36180	1215	1114
36200	1208	1142
36200	1212	1360
36220	1067	1334
36220	1199	1138
36220	1208	1142
36240	1080	1125
36240	1208	1142
36240	1212	1360
36240	1089	1063
36260	1336	1136
36260	1208	1142
36280	1063	1067
36280	1065	1136
36280	1210	1142
36280	1208	1142
36280	1212	1360
36280	1213	1142
36300	1156	1162
36300	1105	1125
36300	1191	1142
36300	1212	1125
36300	1208	1142
36320	1032	1042
36320	1105	1212
36320	1105	1125
36320	1191	1208
36320	1191	1142
36320	1208	1142
36320	1136	1138
36340	1191	1208
36340	1136	1138
36360	1040	1042
36360	1191	1208
36360	1191	1142
36360	1334	1080
36360	1208	1142
36360	1136	1138
36380	1191	1208
36380	1191	1142
36380	1208	1142
36380	1136	1138
36400	1191	1142
36400	1210	1136
36400	1208	1142
36400	1136	1138
36420	1191	1093
36420	1136	1138
36440	1191	1142
36440	1228	1133
36440	1125	1082
36440	1136	1138
36460	1156	1126
36460	1073	1075
36460	1073	1214
36460	1125	1105
36480	1073	1214
36500	1073	1214
36500	1089	1080
36500	1136	1138
36520	1162	1039
36520	1199	1136
36520	1136	1138
36540	1026	1115
36540	1073	1214
36540	1075	1215
36540	1136	1138
36560	1179	1103
36560	1191	1142
36560	1073	1214
36560	1103	1142
36560	1136	1138
36580	1026	1115
36580	1191	1103
36580	1073	1214
36580	1136	1138
36600	1191	1082
36600	1191	1103
36600	1073	1214
36600	1125	1105
36600	1136	1138
36620	1136	1138
36640	1136	1138
36680	1179	1208
36680	1191	1208
36680	1334	1082
36680	1210	1126
36680	1082	1125
36700	1040	1042
36700	1080	1336
36700	1115	1133
36700	1136	1142
36720	1131	1133
36720	1040	1042
36720	1080	1336
36720	1115	1133
36740	1033	1136
36740	1033	1090
36740	1040	1042
36740	1179	1103
36740	1080	1336
36740	1082	1125
36760	1040	1042
36760	1336	1080
36760	1210	1126
36780	1040	1042
36780	1175	1187
36780	1179	1103
36780	1214	1073
36780	1105	1125
36800	1040	1042
36800	1067	1082
36800	1142	1146
36820	1131	1201
36820	1040	1042
36820	1179	1103
36820	1142	1146
36840	1131	1201
36840	1179	1103
36840	1187	1229
36840	1067	1082
36840	1136	1138
36860	1177	1191
36860	1179	1103
36860	1210	1126
36860	1133	1359
36880	1175	1229
36880	1177	1191
36880	1179	1103
36880	1187	1229
36880	1136	1138
36900	1040	1042
36900	1177	1191
36900	1334	1133
36900	1210	1126
36900	1090	1214
36900	1136	1138
36920	1177	1191
36920	1136	1138
36940	1177	1191
36940	1189	1125
36940	1334	1133
36940	1210	1126
36940	1136	1138
36960	1206	1106
36960	1210	1126
36960	1136	1138
36980	1179	1103
36980	1189	1080
36980	1336	1214
37000	1179	1103
37000	1189	1133
37000	1206	1106
37000	1210	1126
37000	1082	1125
37000	1133	1065
37000	1136	1138
37020	1158	1228
37020	1189	1133
37020	1136	1138
37040	1032	1115
37040	1067	1082
37040	1200	1115
37040	1210	1126
37040	1125	1143
37040	1136	1138
37060	1032	1115
37060	1033	1136
37060	1179	1103
37060	1136	1138
37080	1179	1103
37080	1198	1073
37080	1206	1106
37080	1089	1065
37080	1334	1133
37080	1125	1143
37080	1136	1138
37100	1033	1136
37100	1042	1177
37100	1073	1146
37100	1073	1198
37100	1082	1125
37100	1125	1143
37120	1033	1136
37120	1189	1133
37120	1198	1073
37120	1198	1146
37120	1073	1146
37120	1210	1201
37120	1125	1143
37140	1198	1073
37140	1198	1146
37140	1201	1210
37160	1189	1334
37160	1198	1146
37160	1198	1127
37160	1210	1201
37180	1032	1115
37180	1040	1131
37180	1042	1149
37180	1198	1146
37180	1198	1127
37180	1210	1201
37200	1158	1228
37200	1198	1146
37200	1201	1210
37200	1201	1126
37200	1210	1126
37200	1125	1143
37220	1175	1229
37220	1075	1360
37220	1125	1143
37240	1125	1143
37260	1177	1191
37260	1073	1109
37260	1136	1146
37280	1065	1089
37280	1073	1109
37280	1080	1215
37280	1210	1201
37300	1158	1228
37300	1180	1334
37300	1189	1125
37300	1201	1210
37300	1073	1109
37300	1105	1125
37320	1158	1228
37320	1039	1136
37320	1189	1105
37320	1189	1125
37320	1065	1089
37320	1090	1104
37340	1158	1228
37340	1177	1191
37340	1189	1125
37340	1191	1214
37340	1227	1106
37340	1103	1208
37360	1177	1191
37360	1179	1214
37360	1180	1106
37360	1180	1227
37360	1187	1088
37360	1189	1125
37360	1201	1210
37360	1227	1106
37380	1033	1206
37380	1177	1191
37380	1180	1106
37380	1189	1125
37380	1125	1105
37400	1180	1106
37400	1187	1088
37400	1189	1125
37400	1334	1133
37400	1336	1115
37420	1177	1191
37420	1179	1214
37420	1180	1106
37420	1189	1125
37420	1191	1214
37420	1090	1104
37420	1334	1133
37440	1177	1191
37440	1063	1138
37440	1213	1146
37440	1227	1106
37440	1126	1136
37460	1180	1106
37460	1133	1146
37480	1158	1228
37480	1177	1191
37480	1189	1125
37480	1189	1133
37480	1210	1126
37500	1180	1073
37500	1189	1125
37500	1080	1073
37500	1210	1126
37500	1105	1125
37520	1158	1228
37520	1180	1073
37520	1180	1097
37520	1189	1125
37520	1080	1088
37520	1210	1126
37540	1158	1228
37540	1180	1149
37540	1189	1125
37540	1073	1088
37560	1033	1201
37560	1189	1125
37580	1158	1228
37580	1189	1105
37580	1189	1125
37580	1125	1105
37600	1026	1115
37600	1033	1201
37600	1334	1133
37620	1033	1201
37640	1033	1201
37640	1042	1200
37640	1189	1125
37640	1210	1126
37660	1033	1201
37660	1177	1191
37660	1191	1103
37660	1080	1336
37660	1210	1126
37680	1033	1201
37680	1210	1126
37700	1033	1201
37700	1039	1136
37700	1171	1191
37700	1177	1191
37700	1334	1133
37700	1210	1126
37720	1131	1106
37720	1033	1201
37720	1180	1360
37720	1189	1125
37720	1210	1126
37740	1158	1228
37740	1033	1201
37740	1177	1191
37740	1180	1360
37740	1210	1126
37740	1090	1104
37760	1032	1200
37760	1033	1201
37760	1180	1360
37760	1334	1133
37760	1210	1126
37780	1033	1201
37780	1177	1191
37780	1080	1336
37780	1080	1097
37780	1088	1109
37800	1033	1201
37800	1179	1214
37800	1180	1360
37800	1210	1126
37800	1341	1136
37820	1033	1201
37820	1177	1191
37820	1180	1360
37820	1075	1360
37820	1336	1088
37840	1033	1201
37840	1179	1214
37840	1179	1103
37840	1180	1149
37840	1191	1103
37840	1075	1360
37840	1075	1144
37840	1336	1097
37840	1210	1126
37840	1341	1136
37860	1177	1191
37860	1179	1103
37860	1189	1125
37860	1191	1103
37860	1334	1133
37860	1080	1146
37860	1210	1126
37860	1088	1336
37880	1177	1191
37880	1179	1214
37880	1189	1125
37880	1073	1136
37880	1075	1360
37880	1334	1107
37900	1164	1146
37900	1179	1214
37900	1180	1075
37900	1180	1149
37900	1189	1336
37900	1189	1125
37900	1075	1360
37900	1336	1143
37900	1336	1125
37900	1088	1109
37900	1088	1142
37920	1177	1191
37920	1179	1214
37920	1179	1103
37920	1180	1075
37920	1180	1149
37920	1336	1125
37920	1227	1080
37920	1107	1115
37920	1136	1073
37940	1177	1191
37940	1179	1214
37940	1180	1149
37940	1075	1360
37940	1336	1125
37940	1210	1126
37940	1088	1142
37940	1109	1142
37960	1175	1088
37960	1177	1191
37960	1179	1214
37960	1180	1149
37960	1075	1360
37960	1088	1142
37960	1089	1228
37960	1073	1136
37980	1131	1117
37980	1179	1214
37980	1179	1103
37980	1089	1228
38000	1177	1191
38000	1179	1214
38000	1179	1103
38000	1075	1360
38000	1089	1228
38000	1336	1146
38000	1341	1136
38020	1164	1146
38020	1179	1214
38020	1179	1103
38020	1180	1210
38020	1180	1126
38020	1073	1136
38020	1210	1126
38020	1089	1228
38020	1336	1125
38040	1164	1146
38040	1179	1214
38040	1063	1117
38040	1336	1125
38060	1175	1109
38060	1175	1142
38060	1177	1191
38060	1179	1214
38060	1179	1103
38060	1189	1125
38080	1026	1115
38080	1158	1106
38080	1164	1146
38080	1177	1191
38080	1179	1103
38080	1179	1191
38080	1180	1125
38080	1336	1168
38100	1026	1115
38100	1158	1106
38100	1168	1336
38100	1168	1125
38100	1175	1109
38100	1177	1191
38100	1179	1103
38100	1189	1125
38100	1089	1228
38100	1125	1143
38120	1177	1191
38120	1179	1214
38120	1179	1103
38120	1337	1080
38120	1336	1168
38120	1089	1228
38120	1125	1143
38140	1162	1133
38140	1168	1336
38140	1177	1191
38140	1179	1214
38140	1089	1228
38140	1125	1143
38160	1033	1201
38160	1175	1142
38160	1177	1191
38160	1179	1214
38160	1179	1103
38160	1080	1337
38160	1089	1228
38160	1125	1143
38180	1033	1201
38180	1177	1191
38180	1125	1143
38200	1033	1201
38200	1168	1336
38200	1177	1191
38200	1089	1228
38200	1125	1143
38220	1033	1201
38220	1162	1133
38220	1360	1075
38220	1189	1125
38220	1191	1103
38220	1089	1228
38240	1032	1088
38240	1033	1201
38240	1162	1133
38240	1168	1336
38240	1177	1191
38240	1189	1125
38240	1189	1143
38240	1089	1228
38240	1358	1117
38240	1103	1191
38240	1125	1143
38260	1156	1133
38260	1033	1201
38260	1162	1133
38260	1065	1066
38260	1210	1073
38260	1089	1228
38260	1358	1117
38260	1125	1143
38280	1033	1201
38280	1181	1105
38280	1065	1066
38280	1089	1228
38280	1358	1117
38280	1125	1143
38300	1033	1201
38300	1162	1133
